  64
   1   1
    12.156931865746332     0.000666623377690     0.000666623377690
     0.000666623377690    12.156931865746330     0.000666623377690
     0.000666623377690     0.000666623377690    12.156931865746333
   1   2
    -0.047464278051936    -0.000666623377690    -0.000666623377690
    -0.000666623377690    -0.055364369454952     0.000666623377689
    -0.000666623377690     0.000666623377689    -0.055364369454952
   1   3
    -0.055364369454951    -0.000666623377690     0.000666623377691
    -0.000666623377690    -0.047464278051937    -0.000666623377690
     0.000666623377690    -0.000666623377690    -0.055364369454952
   1   4
     0.023753305598604     0.000666623377690    -0.000666623377691
     0.000666623377690     0.023753305598605    -0.000666623377691
    -0.000666623377691    -0.000666623377690     0.358068656857305
   1   5
    -0.055364369454951     0.000666623377690    -0.000666623377690
     0.000666623377690    -0.055364369454952    -0.000666623377690
    -0.000666623377690    -0.000666623377689    -0.047464278051938
   1   6
     0.023753305598606    -0.000666623377690     0.000666623377690
    -0.000666623377690     0.358068656857308    -0.000666623377690
     0.000666623377690    -0.000666623377690     0.023753305598605
   1   7
     0.358068656857305    -0.000666623377690    -0.000666623377691
    -0.000666623377690     0.023753305598608     0.000666623377690
    -0.000666623377691     0.000666623377690     0.023753305598605
   1   8
     0.026346495810773     0.000666623377690     0.000666623377691
     0.000666623377690     0.026346495810771     0.000666623377691
     0.000666623377691     0.000666623377691     0.026346495810770
   1   9
    -0.170026802625485     0.027955534937235     0.027955534937235
     0.027955534937235    -0.016915413822783    -0.018644714892471
     0.027955534937234    -0.018644714892469    -0.016915413822782
   1  10
    -0.002569064595717     0.034656364531371     0.034656364531371
     0.034656364531372    -0.004098934992482    -0.034656838598308
     0.034656364531372    -0.034656838598309    -0.004098934992481
   1  11
     0.048850894642634     0.028914755700634     0.028616116860501
     0.028914755700635     0.050380765039398    -0.028615642793564
     0.028616116860501    -0.028615642793564     0.031350412085489
   1  12
    -0.017426916286168     0.026805844880877     0.017494550769176
     0.026805844880878    -0.170538305088870    -0.026805370813940
     0.017494550769176    -0.026805370813940    -0.015897045889403
   1  13
     0.048850894642635     0.028616116860500     0.028914755700635
     0.028616116860501     0.031350412085489    -0.028615642793565
     0.028914755700635    -0.028615642793565     0.050380765039399
   1  14
    -0.017426916286168     0.017494550769176     0.026805844880877
     0.017494550769177    -0.015897045889404    -0.026805370813940
     0.026805844880878    -0.026805370813939    -0.170538305088870
   1  15
    -3.005118841901203     2.084163205499945     2.084163205499945
     2.084163205499947    -3.006648712297968    -2.084163679566881
     2.084163205499946    -2.084163679566880    -3.006648712297970
   1  16
     0.031861914548874     0.029765806916858     0.029765806916859
     0.029765806916857     0.049362397106019    -0.030064919823929
     0.029765806916858    -0.030064919823930     0.049362397106020
   1  17
     0.412928834229153     0.075279066767943     0.075279066767942
    -0.075279066767943    -0.181267707706463    -0.183654174027728
    -0.075279066767943    -0.183654174027728    -0.181267707706463
   1  18
     0.001467076397910     0.006694079028499     0.006694079028500
    -0.006694079028499    -0.038869178403869     0.072503307149954
    -0.006694079028499     0.072503307149955    -0.038869178403869
   1  19
     0.415400403881001     0.075279066767943    -0.075279066767942
    -0.075279066767943    -0.181894719386509     0.182706572592787
     0.075279066767943     0.184601775462671    -0.181894719386509
   1  20
     0.003938646049760     0.006694079028499    -0.006694079028500
    -0.006694079028499    -0.039496190083914    -0.071555705715013
     0.006694079028499    -0.073450908584896    -0.039496190083914
   1  21
     0.415400403881000    -0.075279066767943     0.075279066767943
     0.075279066767943    -0.181894719386509     0.184601775462671
    -0.075279066767942     0.182706572592787    -0.181894719386509
   1  22
     0.003938646049760    -0.006694079028499     0.006694079028499
     0.006694079028499    -0.039496190083914    -0.073450908584896
    -0.006694079028500    -0.071555705715013    -0.039496190083914
   1  23
     0.412928834229150    -0.075279066767943    -0.075279066767943
     0.075279066767943    -0.181267707706467    -0.183654174027728
     0.075279066767942    -0.183654174027728    -0.181267707706468
   1  24
     0.001467076397910    -0.006694079028499    -0.006694079028499
     0.006694079028499    -0.038869178403869     0.072503307149955
     0.006694079028500     0.072503307149954    -0.038869178403869
   1  25
    -3.006137209834584    -2.085313369623238    -2.085313369623238
    -2.085313369623239    -3.006137209834583    -2.085313369623239
    -2.085313369623240    -2.085313369623239    -3.006137209834583
   1  26
     0.032880282482253    -0.028615642793564    -0.028615642793564
    -0.028615642793564     0.048850894642633    -0.028915229767571
    -0.028615642793563    -0.028915229767570     0.048850894642634
   1  27
     0.048850894642633    -0.028615642793564    -0.028915229767572
    -0.028615642793563     0.032880282482253    -0.028615642793563
    -0.028915229767571    -0.028615642793564     0.048850894642633
   1  28
    -0.017426916286168    -0.017495024836113    -0.026805370813940
    -0.017495024836113    -0.017426916286166    -0.026805370813941
    -0.026805370813941    -0.026805370813940    -0.169008434692105
   1  29
     0.048850894642633    -0.028915229767572    -0.028615642793564
    -0.028915229767572     0.048850894642633    -0.028615642793565
    -0.028615642793564    -0.028615642793562     0.032880282482252
   1  30
    -0.017426916286168    -0.026805370813940    -0.017495024836114
    -0.026805370813940    -0.169008434692106    -0.026805370813940
    -0.017495024836114    -0.026805370813940    -0.017426916286168
   1  31
    -0.169008434692105    -0.026805370813941    -0.026805370813941
    -0.026805370813940    -0.017426916286167    -0.017495024836115
    -0.026805370813940    -0.017495024836113    -0.017426916286167
   1  32
    -0.003587432529097    -0.035806528654665    -0.035806528654666
    -0.035806528654666    -0.003587432529098    -0.035806528654665
    -0.035806528654666    -0.035806528654666    -0.003587432529097
   1  33
    -0.181267707706463    -0.075279066767942    -0.183654174027728
     0.075279066767942     0.412928834229154     0.075279066767943
    -0.183654174027728    -0.075279066767943    -0.181267707706464
   1  34
    -0.181894719386509    -0.075279066767942     0.182706572592787
     0.075279066767943     0.415400403881001    -0.075279066767943
     0.184601775462670     0.075279066767943    -0.181894719386509
   1  35
    -0.038869178403868    -0.006694079028500     0.072503307149954
     0.006694079028499     0.001467076397910     0.006694079028499
     0.072503307149954    -0.006694079028499    -0.038869178403868
   1  36
    -0.039496190083913    -0.006694079028499    -0.071555705715013
     0.006694079028499     0.003938646049758    -0.006694079028499
    -0.073450908584896     0.006694079028498    -0.039496190083913
   1  37
    -0.181894719386510     0.075279066767943     0.184601775462670
    -0.075279066767942     0.415400403881001     0.075279066767943
     0.182706572592787    -0.075279066767944    -0.181894719386510
   1  38
    -0.181267707706466     0.075279066767942    -0.183654174027728
    -0.075279066767942     0.412928834229150    -0.075279066767943
    -0.183654174027728     0.075279066767943    -0.181267707706467
   1  39
    -0.039496190083913     0.006694079028499    -0.073450908584896
    -0.006694079028499     0.003938646049758     0.006694079028498
    -0.071555705715013    -0.006694079028499    -0.039496190083913
   1  40
    -0.038869178403868     0.006694079028499     0.072503307149954
    -0.006694079028500     0.001467076397910    -0.006694079028499
     0.072503307149954     0.006694079028499    -0.038869178403868
   1  41
    -0.016915413822782    -0.018644714892470     0.027955534937234
    -0.018644714892471    -0.016915413822781     0.027955534937235
     0.027955534937236     0.027955534937235    -0.170026802625483
   1  42
     0.050380765039398    -0.028615642793564     0.028914755700635
    -0.028615642793564     0.031350412085489     0.028616116860499
     0.028914755700634     0.028616116860502     0.048850894642633
   1  43
     0.031350412085489    -0.028615642793565     0.028616116860501
    -0.028615642793564     0.050380765039398     0.028914755700634
     0.028616116860499     0.028914755700633     0.048850894642634
   1  44
    -3.006648712297967    -2.084163679566881     2.084163205499944
    -2.084163679566881    -3.006648712297967     2.084163205499945
     2.084163205499945     2.084163205499945    -3.005118841901203
   1  45
    -0.004098934992483    -0.034656838598308     0.034656364531371
    -0.034656838598309    -0.004098934992483     0.034656364531372
     0.034656364531372     0.034656364531371    -0.002569064595718
   1  46
    -0.170538305088870    -0.026805370813940     0.026805844880878
    -0.026805370813940    -0.015897045889403     0.017494550769177
     0.026805844880878     0.017494550769177    -0.017426916286168
   1  47
    -0.015897045889403    -0.026805370813940     0.017494550769176
    -0.026805370813940    -0.170538305088870     0.026805844880878
     0.017494550769176     0.026805844880878    -0.017426916286168
   1  48
     0.049362397106018    -0.030064919823929     0.029765806916858
    -0.030064919823930     0.049362397106018     0.029765806916858
     0.029765806916859     0.029765806916858     0.031861914548874
   1  49
    -0.181267707706465    -0.183654174027728    -0.075279066767942
    -0.183654174027728    -0.181267707706465    -0.075279066767944
     0.075279066767942     0.075279066767943     0.412928834229150
   1  50
    -0.181894719386509     0.182706572592786    -0.075279066767942
     0.184601775462669    -0.181894719386509     0.075279066767944
     0.075279066767943    -0.075279066767944     0.415400403881001
   1  51
    -0.181894719386509     0.184601775462669     0.075279066767943
     0.182706572592786    -0.181894719386509    -0.075279066767944
    -0.075279066767942     0.075279066767944     0.415400403881001
   1  52
    -0.181267707706469    -0.183654174027728     0.075279066767942
    -0.183654174027728    -0.181267707706468     0.075279066767943
    -0.075279066767942    -0.075279066767944     0.412928834229147
   1  53
    -0.038869178403868     0.072503307149955    -0.006694079028500
     0.072503307149955    -0.038869178403869    -0.006694079028499
     0.006694079028499     0.006694079028499     0.001467076397910
   1  54
    -0.039496190083914    -0.071555705715013    -0.006694079028499
    -0.073450908584896    -0.039496190083913     0.006694079028499
     0.006694079028500    -0.006694079028498     0.003938646049757
   1  55
    -0.039496190083914    -0.073450908584896     0.006694079028499
    -0.071555705715013    -0.039496190083914    -0.006694079028497
    -0.006694079028500     0.006694079028499     0.003938646049757
   1  56
    -0.038869178403867     0.072503307149955     0.006694079028499
     0.072503307149955    -0.038869178403868     0.006694079028499
    -0.006694079028500    -0.006694079028499     0.001467076397911
   1  57
    -0.016915413822782     0.027955534937235    -0.018644714892471
     0.027955534937234    -0.170026802625484     0.027955534937234
    -0.018644714892471     0.027955534937235    -0.016915413822782
   1  58
     0.050380765039398     0.028914755700634    -0.028615642793564
     0.028914755700635     0.048850894642634     0.028616116860501
    -0.028615642793564     0.028616116860502     0.031350412085489
   1  59
    -0.004098934992483     0.034656364531371    -0.034656838598309
     0.034656364531373    -0.002569064595719     0.034656364531371
    -0.034656838598309     0.034656364531372    -0.004098934992482
   1  60
    -0.170538305088870     0.026805844880878    -0.026805370813940
     0.026805844880878    -0.017426916286167     0.017494550769177
    -0.026805370813939     0.017494550769176    -0.015897045889403
   1  61
     0.031350412085489     0.028616116860501    -0.028615642793564
     0.028616116860501     0.048850894642635     0.028914755700635
    -0.028615642793564     0.028914755700634     0.050380765039398
   1  62
    -3.006648712297968     2.084163205499944    -2.084163679566881
     2.084163205499946    -3.005118841901203     2.084163205499944
    -2.084163679566882     2.084163205499947    -3.006648712297968
   1  63
    -0.015897045889403     0.017494550769176    -0.026805370813940
     0.017494550769176    -0.017426916286167     0.026805844880878
    -0.026805370813940     0.026805844880876    -0.170538305088870
   1  64
     0.049362397106019     0.029765806916858    -0.030064919823929
     0.029765806916859     0.031861914548874     0.029765806916857
    -0.030064919823929     0.029765806916859     0.049362397106019
   2   1
    -0.047464278051936    -0.000666623377690    -0.000666623377690
    -0.000666623377690    -0.055364369454952     0.000666623377689
    -0.000666623377690     0.000666623377689    -0.055364369454952
   2   2
    12.156931865746328     0.000666623377690     0.000666623377690
     0.000666623377690    12.156931865746326     0.000666623377690
     0.000666623377690     0.000666623377690    12.156931865746330
   2   3
     0.023753305598604     0.000666623377690    -0.000666623377691
     0.000666623377690     0.023753305598605    -0.000666623377691
    -0.000666623377691    -0.000666623377690     0.358068656857305
   2   4
    -0.055364369454951    -0.000666623377690     0.000666623377691
    -0.000666623377690    -0.047464278051937    -0.000666623377690
     0.000666623377690    -0.000666623377690    -0.055364369454952
   2   5
     0.023753305598606    -0.000666623377690     0.000666623377690
    -0.000666623377690     0.358068656857308    -0.000666623377690
     0.000666623377690    -0.000666623377690     0.023753305598605
   2   6
    -0.055364369454951     0.000666623377690    -0.000666623377690
     0.000666623377690    -0.055364369454952    -0.000666623377690
    -0.000666623377690    -0.000666623377689    -0.047464278051938
   2   7
     0.026346495810773     0.000666623377690     0.000666623377691
     0.000666623377690     0.026346495810771     0.000666623377691
     0.000666623377691     0.000666623377691     0.026346495810770
   2   8
     0.358068656857305    -0.000666623377690    -0.000666623377691
    -0.000666623377690     0.023753305598608     0.000666623377690
    -0.000666623377691     0.000666623377690     0.023753305598605
   2   9
    -0.002569064595717     0.034656364531371     0.034656364531371
     0.034656364531372    -0.004098934992482    -0.034656838598308
     0.034656364531372    -0.034656838598309    -0.004098934992481
   2  10
    -0.170026802625485     0.027955534937235     0.027955534937235
     0.027955534937235    -0.016915413822783    -0.018644714892471
     0.027955534937234    -0.018644714892469    -0.016915413822782
   2  11
    -0.017426916286168     0.026805844880877     0.017494550769176
     0.026805844880878    -0.170538305088870    -0.026805370813940
     0.017494550769176    -0.026805370813940    -0.015897045889403
   2  12
     0.048850894642634     0.028914755700634     0.028616116860501
     0.028914755700635     0.050380765039398    -0.028615642793564
     0.028616116860501    -0.028615642793564     0.031350412085489
   2  13
    -0.017426916286168     0.017494550769176     0.026805844880877
     0.017494550769177    -0.015897045889404    -0.026805370813940
     0.026805844880878    -0.026805370813939    -0.170538305088870
   2  14
     0.048850894642635     0.028616116860500     0.028914755700635
     0.028616116860501     0.031350412085489    -0.028615642793565
     0.028914755700635    -0.028615642793565     0.050380765039399
   2  15
     0.031861914548874     0.029765806916858     0.029765806916859
     0.029765806916857     0.049362397106019    -0.030064919823929
     0.029765806916858    -0.030064919823930     0.049362397106020
   2  16
    -3.005118841901202     2.084163205499944     2.084163205499945
     2.084163205499946    -3.006648712297967    -2.084163679566881
     2.084163205499945    -2.084163679566880    -3.006648712297969
   2  17
     0.001467076397910     0.006694079028499     0.006694079028500
    -0.006694079028499    -0.038869178403869     0.072503307149954
    -0.006694079028499     0.072503307149955    -0.038869178403869
   2  18
     0.412928834229153     0.075279066767943     0.075279066767942
    -0.075279066767943    -0.181267707706463    -0.183654174027728
    -0.075279066767943    -0.183654174027728    -0.181267707706463
   2  19
     0.003938646049760     0.006694079028499    -0.006694079028500
    -0.006694079028499    -0.039496190083914    -0.071555705715013
     0.006694079028499    -0.073450908584896    -0.039496190083914
   2  20
     0.415400403881001     0.075279066767943    -0.075279066767942
    -0.075279066767943    -0.181894719386509     0.182706572592787
     0.075279066767943     0.184601775462671    -0.181894719386509
   2  21
     0.003938646049760    -0.006694079028499     0.006694079028499
     0.006694079028499    -0.039496190083914    -0.073450908584896
    -0.006694079028500    -0.071555705715013    -0.039496190083914
   2  22
     0.415400403881000    -0.075279066767943     0.075279066767943
     0.075279066767943    -0.181894719386509     0.184601775462670
    -0.075279066767942     0.182706572592787    -0.181894719386509
   2  23
     0.001467076397910    -0.006694079028499    -0.006694079028499
     0.006694079028499    -0.038869178403869     0.072503307149955
     0.006694079028500     0.072503307149954    -0.038869178403869
   2  24
     0.412928834229149    -0.075279066767943    -0.075279066767943
     0.075279066767943    -0.181267707706467    -0.183654174027728
     0.075279066767942    -0.183654174027728    -0.181267707706468
   2  25
     0.032880282482253    -0.028615642793564    -0.028615642793564
    -0.028615642793564     0.048850894642633    -0.028915229767571
    -0.028615642793563    -0.028915229767570     0.048850894642634
   2  26
    -3.006137209834583    -2.085313369623238    -2.085313369623238
    -2.085313369623238    -3.006137209834582    -2.085313369623239
    -2.085313369623240    -2.085313369623239    -3.006137209834582
   2  27
    -0.017426916286168    -0.017495024836113    -0.026805370813940
    -0.017495024836113    -0.017426916286166    -0.026805370813941
    -0.026805370813941    -0.026805370813940    -0.169008434692105
   2  28
     0.048850894642633    -0.028615642793564    -0.028915229767572
    -0.028615642793563     0.032880282482253    -0.028615642793563
    -0.028915229767571    -0.028615642793564     0.048850894642633
   2  29
    -0.017426916286168    -0.026805370813940    -0.017495024836114
    -0.026805370813940    -0.169008434692106    -0.026805370813940
    -0.017495024836114    -0.026805370813940    -0.017426916286168
   2  30
     0.048850894642633    -0.028915229767572    -0.028615642793564
    -0.028915229767572     0.048850894642633    -0.028615642793565
    -0.028615642793564    -0.028615642793562     0.032880282482252
   2  31
    -0.003587432529097    -0.035806528654665    -0.035806528654666
    -0.035806528654666    -0.003587432529098    -0.035806528654665
    -0.035806528654666    -0.035806528654666    -0.003587432529097
   2  32
    -0.169008434692105    -0.026805370813941    -0.026805370813941
    -0.026805370813940    -0.017426916286167    -0.017495024836115
    -0.026805370813940    -0.017495024836113    -0.017426916286167
   2  33
    -0.181894719386509    -0.075279066767942     0.182706572592787
     0.075279066767943     0.415400403881001    -0.075279066767943
     0.184601775462670     0.075279066767943    -0.181894719386509
   2  34
    -0.181267707706463    -0.075279066767942    -0.183654174027728
     0.075279066767942     0.412928834229153     0.075279066767943
    -0.183654174027728    -0.075279066767943    -0.181267707706463
   2  35
    -0.039496190083913    -0.006694079028499    -0.071555705715013
     0.006694079028499     0.003938646049758    -0.006694079028499
    -0.073450908584896     0.006694079028498    -0.039496190083913
   2  36
    -0.038869178403868    -0.006694079028500     0.072503307149954
     0.006694079028499     0.001467076397910     0.006694079028499
     0.072503307149954    -0.006694079028499    -0.038869178403868
   2  37
    -0.181267707706466     0.075279066767942    -0.183654174027728
    -0.075279066767942     0.412928834229150    -0.075279066767943
    -0.183654174027728     0.075279066767943    -0.181267707706467
   2  38
    -0.181894719386510     0.075279066767943     0.184601775462670
    -0.075279066767942     0.415400403881001     0.075279066767943
     0.182706572592787    -0.075279066767944    -0.181894719386510
   2  39
    -0.038869178403868     0.006694079028499     0.072503307149954
    -0.006694079028500     0.001467076397910    -0.006694079028499
     0.072503307149954     0.006694079028499    -0.038869178403868
   2  40
    -0.039496190083913     0.006694079028499    -0.073450908584896
    -0.006694079028499     0.003938646049758     0.006694079028498
    -0.071555705715013    -0.006694079028499    -0.039496190083913
   2  41
     0.050380765039398    -0.028615642793564     0.028914755700635
    -0.028615642793564     0.031350412085489     0.028616116860499
     0.028914755700634     0.028616116860502     0.048850894642633
   2  42
    -0.016915413822782    -0.018644714892470     0.027955534937234
    -0.018644714892471    -0.016915413822781     0.027955534937235
     0.027955534937236     0.027955534937235    -0.170026802625483
   2  43
    -3.006648712297967    -2.084163679566881     2.084163205499943
    -2.084163679566880    -3.006648712297967     2.084163205499944
     2.084163205499944     2.084163205499945    -3.005118841901202
   2  44
     0.031350412085489    -0.028615642793565     0.028616116860501
    -0.028615642793564     0.050380765039398     0.028914755700634
     0.028616116860499     0.028914755700633     0.048850894642634
   2  45
    -0.170538305088870    -0.026805370813940     0.026805844880878
    -0.026805370813940    -0.015897045889403     0.017494550769177
     0.026805844880878     0.017494550769177    -0.017426916286168
   2  46
    -0.004098934992483    -0.034656838598308     0.034656364531371
    -0.034656838598309    -0.004098934992483     0.034656364531372
     0.034656364531372     0.034656364531371    -0.002569064595718
   2  47
     0.049362397106018    -0.030064919823929     0.029765806916858
    -0.030064919823930     0.049362397106018     0.029765806916858
     0.029765806916859     0.029765806916858     0.031861914548874
   2  48
    -0.015897045889403    -0.026805370813940     0.017494550769176
    -0.026805370813940    -0.170538305088870     0.026805844880878
     0.017494550769176     0.026805844880878    -0.017426916286168
   2  49
    -0.181894719386509     0.182706572592786    -0.075279066767942
     0.184601775462669    -0.181894719386509     0.075279066767944
     0.075279066767943    -0.075279066767944     0.415400403881001
   2  50
    -0.181267707706465    -0.183654174027728    -0.075279066767942
    -0.183654174027728    -0.181267707706465    -0.075279066767944
     0.075279066767942     0.075279066767943     0.412928834229150
   2  51
    -0.181267707706468    -0.183654174027728     0.075279066767942
    -0.183654174027728    -0.181267707706468     0.075279066767943
    -0.075279066767942    -0.075279066767944     0.412928834229147
   2  52
    -0.181894719386509     0.184601775462669     0.075279066767943
     0.182706572592786    -0.181894719386509    -0.075279066767944
    -0.075279066767942     0.075279066767944     0.415400403881001
   2  53
    -0.039496190083914    -0.071555705715013    -0.006694079028499
    -0.073450908584896    -0.039496190083913     0.006694079028499
     0.006694079028500    -0.006694079028498     0.003938646049757
   2  54
    -0.038869178403868     0.072503307149955    -0.006694079028500
     0.072503307149955    -0.038869178403869    -0.006694079028499
     0.006694079028499     0.006694079028499     0.001467076397910
   2  55
    -0.038869178403867     0.072503307149955     0.006694079028499
     0.072503307149955    -0.038869178403868     0.006694079028499
    -0.006694079028500    -0.006694079028499     0.001467076397911
   2  56
    -0.039496190083914    -0.073450908584896     0.006694079028499
    -0.071555705715013    -0.039496190083914    -0.006694079028497
    -0.006694079028500     0.006694079028499     0.003938646049757
   2  57
     0.050380765039398     0.028914755700634    -0.028615642793564
     0.028914755700635     0.048850894642634     0.028616116860501
    -0.028615642793564     0.028616116860502     0.031350412085489
   2  58
    -0.016915413822782     0.027955534937235    -0.018644714892471
     0.027955534937234    -0.170026802625484     0.027955534937234
    -0.018644714892471     0.027955534937235    -0.016915413822782
   2  59
    -0.170538305088870     0.026805844880878    -0.026805370813940
     0.026805844880878    -0.017426916286167     0.017494550769177
    -0.026805370813939     0.017494550769176    -0.015897045889403
   2  60
    -0.004098934992483     0.034656364531371    -0.034656838598309
     0.034656364531373    -0.002569064595719     0.034656364531371
    -0.034656838598309     0.034656364531372    -0.004098934992482
   2  61
    -3.006648712297967     2.084163205499943    -2.084163679566881
     2.084163205499945    -3.005118841901202     2.084163205499943
    -2.084163679566882     2.084163205499947    -3.006648712297967
   2  62
     0.031350412085489     0.028616116860501    -0.028615642793564
     0.028616116860501     0.048850894642635     0.028914755700635
    -0.028615642793564     0.028914755700634     0.050380765039398
   2  63
     0.049362397106019     0.029765806916858    -0.030064919823929
     0.029765806916859     0.031861914548874     0.029765806916857
    -0.030064919823929     0.029765806916859     0.049362397106019
   2  64
    -0.015897045889403     0.017494550769176    -0.026805370813940
     0.017494550769176    -0.017426916286167     0.026805844880878
    -0.026805370813940     0.026805844880876    -0.170538305088870
   3   1
    -0.055364369454951    -0.000666623377690     0.000666623377691
    -0.000666623377690    -0.047464278051937    -0.000666623377690
     0.000666623377690    -0.000666623377690    -0.055364369454952
   3   2
     0.023753305598604     0.000666623377690    -0.000666623377691
     0.000666623377690     0.023753305598605    -0.000666623377691
    -0.000666623377691    -0.000666623377690     0.358068656857305
   3   3
    12.156931865746328     0.000666623377690     0.000666623377690
     0.000666623377690    12.156931865746326     0.000666623377690
     0.000666623377690     0.000666623377690    12.156931865746330
   3   4
    -0.047464278051936    -0.000666623377690    -0.000666623377690
    -0.000666623377690    -0.055364369454952     0.000666623377689
    -0.000666623377690     0.000666623377689    -0.055364369454952
   3   5
     0.358068656857305    -0.000666623377690    -0.000666623377691
    -0.000666623377690     0.023753305598608     0.000666623377690
    -0.000666623377691     0.000666623377690     0.023753305598605
   3   6
     0.026346495810773     0.000666623377690     0.000666623377691
     0.000666623377690     0.026346495810771     0.000666623377691
     0.000666623377691     0.000666623377691     0.026346495810770
   3   7
    -0.055364369454951     0.000666623377690    -0.000666623377690
     0.000666623377690    -0.055364369454952    -0.000666623377690
    -0.000666623377690    -0.000666623377689    -0.047464278051938
   3   8
     0.023753305598606    -0.000666623377690     0.000666623377690
    -0.000666623377690     0.358068656857308    -0.000666623377690
     0.000666623377690    -0.000666623377690     0.023753305598605
   3   9
     0.048850894642634     0.028914755700634     0.028616116860501
     0.028914755700635     0.050380765039398    -0.028615642793564
     0.028616116860501    -0.028615642793564     0.031350412085489
   3  10
    -0.017426916286168     0.026805844880877     0.017494550769176
     0.026805844880878    -0.170538305088870    -0.026805370813940
     0.017494550769176    -0.026805370813940    -0.015897045889403
   3  11
    -0.170026802625485     0.027955534937235     0.027955534937235
     0.027955534937235    -0.016915413822783    -0.018644714892471
     0.027955534937234    -0.018644714892469    -0.016915413822782
   3  12
    -0.002569064595717     0.034656364531371     0.034656364531371
     0.034656364531372    -0.004098934992482    -0.034656838598308
     0.034656364531372    -0.034656838598309    -0.004098934992481
   3  13
    -3.005118841901202     2.084163205499944     2.084163205499945
     2.084163205499946    -3.006648712297967    -2.084163679566881
     2.084163205499945    -2.084163679566880    -3.006648712297969
   3  14
     0.031861914548874     0.029765806916858     0.029765806916859
     0.029765806916857     0.049362397106019    -0.030064919823929
     0.029765806916858    -0.030064919823930     0.049362397106020
   3  15
     0.048850894642635     0.028616116860500     0.028914755700635
     0.028616116860501     0.031350412085489    -0.028615642793565
     0.028914755700635    -0.028615642793565     0.050380765039399
   3  16
    -0.017426916286168     0.017494550769176     0.026805844880877
     0.017494550769177    -0.015897045889404    -0.026805370813940
     0.026805844880878    -0.026805370813939    -0.170538305088870
   3  17
     0.415400403881001     0.075279066767943    -0.075279066767942
    -0.075279066767943    -0.181894719386509     0.182706572592787
     0.075279066767943     0.184601775462671    -0.181894719386509
   3  18
     0.003938646049760     0.006694079028499    -0.006694079028500
    -0.006694079028499    -0.039496190083914    -0.071555705715013
     0.006694079028499    -0.073450908584896    -0.039496190083914
   3  19
     0.412928834229153     0.075279066767943     0.075279066767942
    -0.075279066767943    -0.181267707706463    -0.183654174027728
    -0.075279066767943    -0.183654174027728    -0.181267707706463
   3  20
     0.001467076397910     0.006694079028499     0.006694079028500
    -0.006694079028499    -0.038869178403869     0.072503307149954
    -0.006694079028499     0.072503307149955    -0.038869178403869
   3  21
     0.412928834229149    -0.075279066767943    -0.075279066767943
     0.075279066767943    -0.181267707706467    -0.183654174027728
     0.075279066767942    -0.183654174027728    -0.181267707706468
   3  22
     0.001467076397910    -0.006694079028499    -0.006694079028499
     0.006694079028499    -0.038869178403869     0.072503307149955
     0.006694079028500     0.072503307149954    -0.038869178403869
   3  23
     0.415400403881000    -0.075279066767943     0.075279066767943
     0.075279066767943    -0.181894719386509     0.184601775462670
    -0.075279066767942     0.182706572592787    -0.181894719386509
   3  24
     0.003938646049760    -0.006694079028499     0.006694079028499
     0.006694079028499    -0.039496190083914    -0.073450908584896
    -0.006694079028500    -0.071555705715013    -0.039496190083914
   3  25
     0.048850894642633    -0.028615642793564    -0.028915229767572
    -0.028615642793563     0.032880282482253    -0.028615642793563
    -0.028915229767571    -0.028615642793564     0.048850894642633
   3  26
    -0.017426916286168    -0.017495024836113    -0.026805370813940
    -0.017495024836113    -0.017426916286166    -0.026805370813941
    -0.026805370813941    -0.026805370813940    -0.169008434692105
   3  27
    -3.006137209834583    -2.085313369623238    -2.085313369623238
    -2.085313369623238    -3.006137209834582    -2.085313369623239
    -2.085313369623240    -2.085313369623239    -3.006137209834582
   3  28
     0.032880282482253    -0.028615642793564    -0.028615642793564
    -0.028615642793564     0.048850894642633    -0.028915229767571
    -0.028615642793563    -0.028915229767570     0.048850894642634
   3  29
    -0.169008434692105    -0.026805370813941    -0.026805370813941
    -0.026805370813940    -0.017426916286167    -0.017495024836115
    -0.026805370813940    -0.017495024836113    -0.017426916286167
   3  30
    -0.003587432529097    -0.035806528654665    -0.035806528654666
    -0.035806528654666    -0.003587432529098    -0.035806528654665
    -0.035806528654666    -0.035806528654666    -0.003587432529097
   3  31
     0.048850894642633    -0.028915229767572    -0.028615642793564
    -0.028915229767572     0.048850894642633    -0.028615642793565
    -0.028615642793564    -0.028615642793562     0.032880282482252
   3  32
    -0.017426916286168    -0.026805370813940    -0.017495024836114
    -0.026805370813940    -0.169008434692106    -0.026805370813940
    -0.017495024836114    -0.026805370813940    -0.017426916286168
   3  33
    -0.038869178403868    -0.006694079028500     0.072503307149954
     0.006694079028499     0.001467076397910     0.006694079028499
     0.072503307149954    -0.006694079028499    -0.038869178403868
   3  34
    -0.039496190083913    -0.006694079028499    -0.071555705715013
     0.006694079028499     0.003938646049758    -0.006694079028499
    -0.073450908584896     0.006694079028498    -0.039496190083913
   3  35
    -0.181267707706463    -0.075279066767942    -0.183654174027728
     0.075279066767942     0.412928834229153     0.075279066767943
    -0.183654174027728    -0.075279066767943    -0.181267707706463
   3  36
    -0.181894719386509    -0.075279066767942     0.182706572592787
     0.075279066767943     0.415400403881001    -0.075279066767943
     0.184601775462670     0.075279066767943    -0.181894719386509
   3  37
    -0.039496190083913     0.006694079028499    -0.073450908584896
    -0.006694079028499     0.003938646049758     0.006694079028498
    -0.071555705715013    -0.006694079028499    -0.039496190083913
   3  38
    -0.038869178403868     0.006694079028499     0.072503307149954
    -0.006694079028500     0.001467076397910    -0.006694079028499
     0.072503307149954     0.006694079028499    -0.038869178403868
   3  39
    -0.181894719386510     0.075279066767943     0.184601775462670
    -0.075279066767942     0.415400403881001     0.075279066767943
     0.182706572592787    -0.075279066767944    -0.181894719386510
   3  40
    -0.181267707706466     0.075279066767942    -0.183654174027728
    -0.075279066767942     0.412928834229150    -0.075279066767943
    -0.183654174027728     0.075279066767943    -0.181267707706467
   3  41
     0.031350412085489    -0.028615642793565     0.028616116860501
    -0.028615642793564     0.050380765039398     0.028914755700634
     0.028616116860499     0.028914755700633     0.048850894642634
   3  42
    -3.006648712297967    -2.084163679566881     2.084163205499943
    -2.084163679566880    -3.006648712297967     2.084163205499944
     2.084163205499944     2.084163205499945    -3.005118841901202
   3  43
    -0.016915413822782    -0.018644714892470     0.027955534937234
    -0.018644714892471    -0.016915413822781     0.027955534937235
     0.027955534937236     0.027955534937235    -0.170026802625483
   3  44
     0.050380765039398    -0.028615642793564     0.028914755700635
    -0.028615642793564     0.031350412085489     0.028616116860499
     0.028914755700634     0.028616116860502     0.048850894642633
   3  45
    -0.015897045889403    -0.026805370813940     0.017494550769176
    -0.026805370813940    -0.170538305088870     0.026805844880878
     0.017494550769176     0.026805844880878    -0.017426916286168
   3  46
     0.049362397106018    -0.030064919823929     0.029765806916858
    -0.030064919823930     0.049362397106018     0.029765806916858
     0.029765806916859     0.029765806916858     0.031861914548874
   3  47
    -0.004098934992483    -0.034656838598308     0.034656364531371
    -0.034656838598309    -0.004098934992483     0.034656364531372
     0.034656364531372     0.034656364531371    -0.002569064595718
   3  48
    -0.170538305088870    -0.026805370813940     0.026805844880878
    -0.026805370813940    -0.015897045889403     0.017494550769177
     0.026805844880878     0.017494550769177    -0.017426916286168
   3  49
    -0.181894719386509     0.184601775462669     0.075279066767943
     0.182706572592786    -0.181894719386509    -0.075279066767944
    -0.075279066767942     0.075279066767944     0.415400403881001
   3  50
    -0.181267707706468    -0.183654174027728     0.075279066767942
    -0.183654174027728    -0.181267707706468     0.075279066767943
    -0.075279066767942    -0.075279066767944     0.412928834229147
   3  51
    -0.181267707706465    -0.183654174027728    -0.075279066767942
    -0.183654174027728    -0.181267707706465    -0.075279066767944
     0.075279066767942     0.075279066767943     0.412928834229150
   3  52
    -0.181894719386509     0.182706572592786    -0.075279066767942
     0.184601775462669    -0.181894719386509     0.075279066767944
     0.075279066767943    -0.075279066767944     0.415400403881001
   3  53
    -0.039496190083914    -0.073450908584896     0.006694079028499
    -0.071555705715013    -0.039496190083914    -0.006694079028497
    -0.006694079028500     0.006694079028499     0.003938646049757
   3  54
    -0.038869178403867     0.072503307149955     0.006694079028499
     0.072503307149955    -0.038869178403868     0.006694079028499
    -0.006694079028500    -0.006694079028499     0.001467076397911
   3  55
    -0.038869178403868     0.072503307149955    -0.006694079028500
     0.072503307149955    -0.038869178403869    -0.006694079028499
     0.006694079028499     0.006694079028499     0.001467076397910
   3  56
    -0.039496190083914    -0.071555705715013    -0.006694079028499
    -0.073450908584896    -0.039496190083913     0.006694079028499
     0.006694079028500    -0.006694079028498     0.003938646049757
   3  57
    -0.004098934992483     0.034656364531371    -0.034656838598309
     0.034656364531373    -0.002569064595719     0.034656364531371
    -0.034656838598309     0.034656364531372    -0.004098934992482
   3  58
    -0.170538305088870     0.026805844880878    -0.026805370813940
     0.026805844880878    -0.017426916286167     0.017494550769177
    -0.026805370813939     0.017494550769176    -0.015897045889403
   3  59
    -0.016915413822782     0.027955534937235    -0.018644714892471
     0.027955534937234    -0.170026802625484     0.027955534937234
    -0.018644714892471     0.027955534937235    -0.016915413822782
   3  60
     0.050380765039398     0.028914755700634    -0.028615642793564
     0.028914755700635     0.048850894642634     0.028616116860501
    -0.028615642793564     0.028616116860502     0.031350412085489
   3  61
    -0.015897045889403     0.017494550769176    -0.026805370813940
     0.017494550769176    -0.017426916286167     0.026805844880878
    -0.026805370813940     0.026805844880876    -0.170538305088870
   3  62
     0.049362397106019     0.029765806916858    -0.030064919823929
     0.029765806916859     0.031861914548874     0.029765806916857
    -0.030064919823929     0.029765806916859     0.049362397106019
   3  63
     0.031350412085489     0.028616116860501    -0.028615642793564
