  32
   1   1
     8.415617598427579    -0.039400336082569    -0.415464624790625
    -0.039400336082569     8.370122009293757     0.239868612816130
    -0.415464624790625     0.239868612816130     3.445183666389868
   1   2
     2.622334616986222     0.039400336097114     0.415464624732799
     0.039400336097114    -0.261502848592589     0.710370190102272
     0.415464624732799     0.710370190102272    -0.502872287667408
   1   3
     0.425334825667302    -1.229038084818024    -0.407466318228106
    -1.229038084818024     1.935496942282406    -0.714988014359212
    -0.407466318228106    -0.714988014359212    -0.502872287633389
   1   4
    -3.505882563455684     1.229038084820256     0.407466318285931
     1.229038084820256    -2.086711625416267    -0.235250788559194
     0.407466318285931    -0.235250788559194    -2.439439091089070
   1   5
    -1.949517499700844     0.614195736695773    -0.375277244341383
     0.614195736695773    -1.240305351625286     0.216666418114547
    -0.375277244341383     0.216666418114547     0.286010563365603
   1   6
    -3.439304199157731    -0.614195736719271     0.375277244395084
    -0.614195736719271     0.721261919926393     0.659234902837229
     0.375277244395084     0.659234902837229     0.502872287625971
   1   7
     0.213029500876551     1.494480108192655    -0.383275550899145
     1.494480108192655    -2.931071780504719    -0.654617078579194
    -0.383275550899145    -0.654617078579194     0.502872287674827
   1   8
    -2.781612279643395    -1.494480108185934     0.383275550845443
    -1.494480108185934    -4.507289265363694    -0.221284242372580
     0.383275550845443    -0.221284242372580    -1.291755138666401
   1   9
    -0.892241322353415    -0.903443692986565    -0.577269379542745
    -0.903443692941828    -1.935448241037083     0.333286631760563
    -0.269539421730238     0.155618657722185     0.588414557544225
   1  10
     1.475507750174974     0.903443692963665     0.577269379536024
     0.903443692946811    -1.296902494544557     0.504367592669727
     0.269539421740071    -0.028636329272196     0.000000000000218
   1  11
    -1.386205122389383    -0.748767004339353    -0.148160458294694
    -0.748767004356201     1.564810378017048    -0.752113743921943
     0.159569499559740    -0.219109821878729    -0.000000000000218
   1  12
     0.802938694566155     0.748767004361290     0.148160458301415
     0.748767004350256     1.667540357566259    -0.085540480508347
    -0.159569499569573     0.092127493428741    -0.588414557544225
   1  13
    -0.892241322369258    -0.903443692959161     0.269539421757096
    -0.903443692987523    -1.935448241021238    -0.155618657675658
     0.577269379623196    -0.333286631621217     0.588414557544226
   1  14
     1.475507750195106     0.903443692978346    -0.269539421747937
     0.903443692998108    -1.296902494564995     0.028636329343436
    -0.577269379624475    -0.504367592686922    -0.000000000000583
   1  15
    -1.386205122350519    -0.748767004356589    -0.159569499494105
    -0.748767004336821     1.564810377978489     0.219109821907548
     0.148160458324032     0.752113743836751     0.000000000000583
   1  16
     0.802938694526339     0.748767004338368     0.159569499484946
     0.748767004327197     1.667540357606077    -0.092127493575326
    -0.148160458322753     0.085540480471387    -0.588414557544226
   1  17
    -0.700775340293087    -0.126553726383507     0.348397254771722
    -0.126553726380423    -0.846906996264128    -0.201147248739217
     0.036243121267827    -0.020924975832724    -0.452483498283321
   1  18
     0.025132974886601     0.126553726381607    -0.348397254711163
     0.126553726386191    -0.116480161349082    -0.591325946770820
    -0.036243121276190    -0.078431020155657    -0.091635582074049
   1  19
    -0.190675619291232     0.001956576434458     0.337904664311343
     0.001956576439035     0.099328432797620     0.597383846537075
     0.049801695274120     0.070602973815941    -0.091635582085429
   1  20
     0.461595935908125    -0.001956576432558    -0.337904664371903
    -0.001956576444805     0.459336676025996     0.195089348972960
    -0.049801695265756     0.028753022172439     0.635754662442800
   1  21
    -0.218938290256940    -0.189317680520025     0.549932721265021
    -0.189317680517905    -0.437543517864850    -0.317503804759018
    -0.090450799048987     0.052221793184630    -1.320937172985168
   1  22
     0.559131092617235     0.189317680521897    -0.549932721328997
     0.189317680517376    -0.542101390319240    -0.964627213697295
     0.090450799055628     0.172321472226872     0.091635582081623
   1  23
    -0.430747190307640    -0.382188812592364     0.560425311728775
    -0.382188812596886     0.447776892584234     0.958569313930967
    -0.104009373053426    -0.164493425886928     0.091635582077855
   1  24
     0.495276436736938     0.382188812590493    -0.560425311664798
     0.382188812597418     0.936590064389449     0.323561704525348
     0.104009373046785    -0.060049839524572     1.137666008825689
   1  25
     1.152219511678531    -0.645833384345654    -0.285156200566611
    -0.645833384373571     0.406475355074087     0.164635009154367
    -0.612017026972407     0.353348195297360     1.067540478736550
   1  26
     2.091980016860179     0.645833384369550     0.285156200559993
     0.645833384395964     3.025805896457913     0.403357058735501
     0.612017026901409     0.984468842200324    -0.014004282076558
   1  27
     2.233041309128456     0.727275159400035    -0.206739359385157
     0.727275159426461     2.884744604178443    -0.448631043113361
    -0.546566513102518    -1.022256714120279    -0.014004282082994
   1  28
     1.573234318890024    -0.727275159416497     0.206739359391775
    -0.727275159441420     0.733449300820995    -0.119361024776505
     0.546566513173516    -0.315560323377408    -1.039531914576999
   1  29
    -4.644639304391867     2.213981276151746    -0.178424462920473
     2.213981276193416    -2.088153932862460     0.103013411682894
    -0.861825031528072     0.497574913915099     0.998624126172458
   1  30
    -4.845250581359657    -2.213981276178612     0.178424462921830
    -2.213981276204430    -0.198217847776914     0.399588203815609
     0.861825031595076     1.568300485450819     0.014004282082561
   1  31
     0.557387997466642     0.905233561663095    -0.256841304096646
     0.905233561637295    -5.600856426573555    -0.354314219437716
    -0.927275545394099    -1.530512613531093     0.014004282076991
   1  32
     1.882026731727695    -0.905233561643662     0.256841304095290
    -0.905233561633714     0.836753050681491    -0.148287396060789
     0.927275545327096    -0.535362785834823    -1.026632690332010
   2   1
     2.622334616986222     0.039400336097114     0.415464624732799
     0.039400336097114    -0.261502848592589     0.710370190102272
     0.415464624732799     0.710370190102272    -0.502872287667408
   2   2
     8.415617598427577    -0.039400336082569    -0.415464624790625
    -0.039400336082569     8.370122009293757     0.239868612816130
    -0.415464624790625     0.239868612816130     3.445183666389868
   2   3
    -3.505882563455684     1.229038084820256     0.407466318285931
     1.229038084820256    -2.086711625416267    -0.235250788559194
     0.407466318285931    -0.235250788559194    -2.439439091089070
   2   4
     0.425334825667301    -1.229038084818024    -0.407466318228105
    -1.229038084818024     1.935496942282406    -0.714988014359212
    -0.407466318228105    -0.714988014359212    -0.502872287633389
   2   5
    -3.439304199157730    -0.614195736719271     0.375277244395084
    -0.614195736719271     0.721261919926393     0.659234902837229
     0.375277244395084     0.659234902837229     0.502872287625971
   2   6
    -1.949517499700844     0.614195736695773    -0.375277244341383
     0.614195736695773    -1.240305351625286     0.216666418114547
    -0.375277244341383     0.216666418114547     0.286010563365603
   2   7
    -2.781612279643395    -1.494480108185934     0.383275550845443
    -1.494480108185934    -4.507289265363694    -0.221284242372580
     0.383275550845443    -0.221284242372580    -1.291755138666401
   2   8
     0.213029500876551     1.494480108192655    -0.383275550899145
     1.494480108192655    -2.931071780504719    -0.654617078579194
    -0.383275550899145    -0.654617078579194     0.502872287674827
   2   9
     1.475507750174974     0.903443692963665     0.577269379536024
     0.903443692946811    -1.296902494544557     0.504367592669727
     0.269539421740071    -0.028636329272196     0.000000000000218
   2  10
    -0.892241322353414    -0.903443692986565    -0.577269379542745
    -0.903443692941828    -1.935448241037083     0.333286631760563
    -0.269539421730238     0.155618657722185     0.588414557544225
   2  11
     0.802938694566155     0.748767004361289     0.148160458301415
     0.748767004350256     1.667540357566259    -0.085540480508347
    -0.159569499569573     0.092127493428741    -0.588414557544225
   2  12
    -1.386205122389383    -0.748767004339353    -0.148160458294694
    -0.748767004356200     1.564810378017048    -0.752113743921943
     0.159569499559740    -0.219109821878729    -0.000000000000218
   2  13
     1.475507750195106     0.903443692978345    -0.269539421747937
     0.903443692998108    -1.296902494564995     0.028636329343436
    -0.577269379624475    -0.504367592686922    -0.000000000000583
   2  14
    -0.892241322369258    -0.903443692959161     0.269539421757096
    -0.903443692987523    -1.935448241021238    -0.155618657675658
     0.577269379623196    -0.333286631621217     0.588414557544226
   2  15
     0.802938694526338     0.748767004338368     0.159569499484946
     0.748767004327197     1.667540357606077    -0.092127493575326
    -0.148160458322753     0.085540480471387    -0.588414557544226
   2  16
    -1.386205122350518    -0.748767004356589    -0.159569499494105
    -0.748767004336821     1.564810377978489     0.219109821907548
     0.148160458324032     0.752113743836751     0.000000000000583
   2  17
     0.025132974886601     0.126553726381607    -0.348397254711163
     0.126553726386190    -0.116480161349082    -0.591325946770820
    -0.036243121276190    -0.078431020155657    -0.091635582074049
   2  18
    -0.700775340293087    -0.126553726383507     0.348397254771722
    -0.126553726380423    -0.846906996264128    -0.201147248739217
     0.036243121267827    -0.020924975832724    -0.452483498283321
   2  19
     0.461595935908125    -0.001956576432558    -0.337904664371903
    -0.001956576444805     0.459336676025996     0.195089348972960
    -0.049801695265756     0.028753022172439     0.635754662442800
   2  20
    -0.190675619291232     0.001956576434458     0.337904664311343
     0.001956576439035     0.099328432797620     0.597383846537075
     0.049801695274120     0.070602973815941    -0.091635582085429
   2  21
     0.559131092617235     0.189317680521897    -0.549932721328997
     0.189317680517376    -0.542101390319240    -0.964627213697295
     0.090450799055628     0.172321472226872     0.091635582081623
   2  22
    -0.218938290256940    -0.189317680520025     0.549932721265021
    -0.189317680517905    -0.437543517864850    -0.317503804759018
    -0.090450799048987     0.052221793184630    -1.320937172985168
   2  23
     0.495276436736938     0.382188812590493    -0.560425311664798
     0.382188812597418     0.936590064389449     0.323561704525348
     0.104009373046785    -0.060049839524572     1.137666008825689
   2  24
    -0.430747190307640    -0.382188812592364     0.560425311728774
    -0.382188812596886     0.447776892584234     0.958569313930967
    -0.104009373053426    -0.164493425886928     0.091635582077855
   2  25
     2.091980016860178     0.645833384369550     0.285156200559993
     0.645833384395964     3.025805896457913     0.403357058735501
     0.612017026901409     0.984468842200324    -0.014004282076558
   2  26
     1.152219511678531    -0.645833384345654    -0.285156200566611
    -0.645833384373571     0.406475355074087     0.164635009154367
    -0.612017026972407     0.353348195297360     1.067540478736550
   2  27
     1.573234318890024    -0.727275159416497     0.206739359391775
    -0.727275159441420     0.733449300820995    -0.119361024776505
     0.546566513173516    -0.315560323377408    -1.039531914576999
   2  28
     2.233041309128455     0.727275159400035    -0.206739359385157
     0.727275159426461     2.884744604178443    -0.448631043113361
    -0.546566513102518    -1.022256714120279    -0.014004282082994
   2  29
    -4.845250581359656    -2.213981276178612     0.178424462921830
    -2.213981276204430    -0.198217847776914     0.399588203815609
     0.861825031595076     1.568300485450819     0.014004282082561
   2  30
    -4.644639304391866     2.213981276151745    -0.178424462920473
     2.213981276193415    -2.088153932862460     0.103013411682894
    -0.861825031528072     0.497574913915099     0.998624126172458
   2  31
     1.882026731727694    -0.905233561643662     0.256841304095290
    -0.905233561633714     0.836753050681491    -0.148287396060789
     0.927275545327095    -0.535362785834823    -1.026632690332010
   2  32
     0.557387997466642     0.905233561663095    -0.256841304096646
     0.905233561637295    -5.600856426573555    -0.354314219437716
    -0.927275545394099    -1.530512613531093     0.014004282076991
   3   1
     0.425334825667301    -1.229038084818024    -0.407466318228105
    -1.229038084818024     1.935496942282406    -0.714988014359212
    -0.407466318228105    -0.714988014359212    -0.502872287633389
   3   2
    -3.505882563455684     1.229038084820256     0.407466318285931
     1.229038084820256    -2.086711625416267    -0.235250788559194
     0.407466318285931    -0.235250788559194    -2.439439091089070
   3   3
     8.415617598427577    -0.039400336082569    -0.415464624790625
    -0.039400336082569     8.370122009293757     0.239868612816130
    -0.415464624790625     0.239868612816130     3.445183666389868
   3   4
     2.622334616986222     0.039400336097114     0.415464624732799
     0.039400336097114    -0.261502848592589     0.710370190102272
     0.415464624732799     0.710370190102272    -0.502872287667408
   3   5
     0.213029500876551     1.494480108192655    -0.383275550899145
     1.494480108192655    -2.931071780504719    -0.654617078579194
    -0.383275550899145    -0.654617078579194     0.502872287674827
   3   6
    -2.781612279643395    -1.494480108185934     0.383275550845443
    -1.494480108185934    -4.507289265363694    -0.221284242372580
     0.383275550845443    -0.221284242372580    -1.291755138666401
   3   7
    -1.949517499700844     0.614195736695773    -0.375277244341383
     0.614195736695773    -1.240305351625286     0.216666418114547
    -0.375277244341383     0.216666418114547     0.286010563365603
   3   8
    -3.439304199157730    -0.614195736719271     0.375277244395084
    -0.614195736719271     0.721261919926393     0.659234902837229
     0.375277244395084     0.659234902837229     0.502872287625971
   3   9
    -1.386205122389383    -0.748767004339353    -0.148160458294694
    -0.748767004356200     1.564810378017048    -0.752113743921943
     0.159569499559740    -0.219109821878729    -0.000000000000218
   3  10
     0.802938694566155     0.748767004361289     0.148160458301415
     0.748767004350256     1.667540357566259    -0.085540480508347
    -0.159569499569573     0.092127493428741    -0.588414557544225
   3  11
    -0.892241322353414    -0.903443692986565    -0.577269379542745
    -0.903443692941828    -1.935448241037083     0.333286631760563
    -0.269539421730238     0.155618657722185     0.588414557544225
   3  12
     1.475507750174974     0.903443692963665     0.577269379536024
     0.903443692946811    -1.296902494544557     0.504367592669727
     0.269539421740071    -0.028636329272196     0.000000000000218
   3  13
    -1.386205122350518    -0.748767004356589    -0.159569499494105
    -0.748767004336821     1.564810377978489     0.219109821907548
     0.148160458324032     0.752113743836751     0.000000000000583
   3  14
     0.802938694526338     0.748767004338368     0.159569499484946
     0.748767004327197     1.667540357606077    -0.092127493575326
    -0.148160458322753     0.085540480471387    -0.588414557544226
   3  15
    -0.892241322369258    -0.903443692959161     0.269539421757096
    -0.903443692987523    -1.935448241021238    -0.155618657675658
     0.577269379623196    -0.333286631621217     0.588414557544226
   3  16
     1.475507750195106     0.903443692978345    -0.269539421747937
     0.903443692998108    -1.296902494564995     0.028636329343436
    -0.577269379624475    -0.504367592686922    -0.000000000000583
   3  17
    -0.190675619291232     0.001956576434458     0.337904664311343
     0.001956576439035     0.099328432797620     0.597383846537075
     0.049801695274120     0.070602973815941    -0.091635582085429
   3  18
     0.461595935908125    -0.001956576432558    -0.337904664371903
    -0.001956576444805     0.459336676025996     0.195089348972960
    -0.049801695265756     0.028753022172439     0.635754662442800
   3  19
    -0.700775340293087    -0.126553726383507     0.348397254771722
    -0.126553726380423    -0.846906996264128    -0.201147248739217
     0.036243121267827    -0.020924975832724    -0.452483498283321
   3  20
     0.025132974886601     0.126553726381607    -0.348397254711163
     0.126553726386190    -0.116480161349082    -0.591325946770820
    -0.036243121276190    -0.078431020155657    -0.091635582074049
   3  21
    -0.430747190307640    -0.382188812592364     0.560425311728774
    -0.382188812596886     0.447776892584234     0.958569313930967
    -0.104009373053426    -0.164493425886928     0.091635582077855
   3  22
     0.495276436736938     0.382188812590493    -0.560425311664798
     0.382188812597418     0.936590064389449     0.323561704525348
     0.104009373046785    -0.060049839524572     1.137666008825689
   3  23
    -0.218938290256940    -0.189317680520025     0.549932721265021
    -0.189317680517905    -0.437543517864850    -0.317503804759018
    -0.090450799048987     0.052221793184630    -1.320937172985168
   3  24
     0.559131092617235     0.189317680521897    -0.549932721328997
     0.189317680517376    -0.542101390319240    -0.964627213697295
     0.090450799055628     0.172321472226872     0.091635582081623
   3  25
     2.233041309128455     0.727275159400035    -0.206739359385157
     0.727275159426461     2.884744604178443    -0.448631043113361
    -0.546566513102518    -1.022256714120279    -0.014004282082994
   3  26
     1.573234318890024    -0.727275159416497     0.206739359391775
    -0.727275159441420     0.733449300820995    -0.119361024776505
     0.546566513173516    -0.315560323377408    -1.039531914576999
   3  27
     1.152219511678531    -0.645833384345654    -0.285156200566611
    -0.645833384373571     0.406475355074087     0.164635009154367
    -0.612017026972407     0.353348195297360     1.067540478736550
   3  28
     2.091980016860178     0.645833384369550     0.285156200559993
     0.645833384395964     3.025805896457913     0.403357058735501
     0.612017026901409     0.984468842200324    -0.014004282076558
   3  29
     0.557387997466642     0.905233561663095    -0.256841304096646
     0.905233561637295    -5.600856426573555    -0.354314219437716
    -0.927275545394099    -1.530512613531093     0.014004282076991
   3  30
     1.882026731727694    -0.905233561643662     0.256841304095290
    -0.905233561633714     0.836753050681491    -0.148287396060789
     0.927275545327095    -0.535362785834823    -1.026632690332010
   3  31
    -4.644639304391866     2.213981276151745    -0.178424462920473
     2.213981276193415    -2.088153932862460     0.103013411682894
    -0.861825031528072     0.497574913915099     0.998624126172458
   3  32
    -4.845250581359656    -2.213981276178612     0.178424462921830
    -2.213981276204430    -0.198217847776914     0.399588203815609
     0.861825031595076     1.568300485450819     0.014004282082561
   4   1
    -3.505882563455684     1.229038084820256     0.407466318285931
     1.229038084820256    -2.086711625416267    -0.235250788559194
     0.407466318285931    -0.235250788559194    -2.439439091089070
   4   2
     0.425334825667301    -1.229038084818024    -0.407466318228105
    -1.229038084818024     1.935496942282406    -0.714988014359212
    -0.407466318228105    -0.714988014359212    -0.502872287633389
   4   3
     2.622334616986222     0.039400336097114     0.415464624732799
     0.039400336097114    -0.261502848592589     0.710370190102272
     0.415464624732799     0.710370190102272    -0.502872287667408
   4   4
     8.415617598427577    -0.039400336082569    -0.415464624790625
    -0.039400336082569     8.370122009293757     0.239868612816130
    -0.415464624790625     0.239868612816130     3.445183666389868
   4   5
    -2.781612279643395    -1.494480108185934     0.383275550845443
    -1.494480108185934    -4.507289265363694    -0.221284242372580
     0.383275550845443    -0.221284242372580    -1.291755138666401
   4   6
     0.213029500876551     1.494480108192655    -0.383275550899145
     1.494480108192655    -2.931071780504719    -0.654617078579194
    -0.383275550899145    -0.654617078579194     0.502872287674827
   4   7
    -3.439304199157730    -0.614195736719271     0.375277244395084
    -0.614195736719271     0.721261919926393     0.659234902837229
     0.375277244395084     0.659234902837229     0.502872287625971
   4   8
    -1.949517499700844     0.614195736695773    -0.375277244341383
     0.614195736695773    -1.240305351625286     0.216666418114547
    -0.375277244341383     0.216666418114547     0.286010563365603
   4   9
     0.802938694566155     0.748767004361289     0.148160458301415
     0.748767004350256     1.667540357566259    -0.085540480508347
    -0.159569499569573     0.092127493428741    -0.588414557544225
   4  10
    -1.386205122389383    -0.748767004339353    -0.148160458294694
    -0.748767004356200     1.564810378017048    -0.752113743921943
     0.159569499559740    -0.219109821878729    -0.000000000000218
   4  11
     1.475507750174974     0.903443692963665     0.577269379536024
     0.903443692946811    -1.296902494544557     0.504367592669727
     0.269539421740071    -0.028636329272196     0.000000000000218
   4  12
    -0.892241322353414    -0.903443692986565    -0.577269379542745
    -0.903443692941828    -1.935448241037083     0.333286631760563
    -0.269539421730238     0.155618657722185     0.588414557544225
   4  13
     0.802938694526338     0.748767004338368     0.159569499484946
     0.748767004327197     1.667540357606077    -0.092127493575326
    -0.148160458322753     0.085540480471387    -0.588414557544226
   4  14
    -1.386205122350518    -0.748767004356589    -0.159569499494105
    -0.748767004336821     1.564810377978489     0.219109821907548
     0.148160458324032     0.752113743836751     0.000000000000583
   4  15
     1.475507750195106     0.903443692978345    -0.269539421747937
     0.903443692998108    -1.296902494564995     0.028636329343436
    -0.577269379624475    -0.504367592686922    -0.000000000000583
   4  16
    -0.892241322369258    -0.903443692959161     0.269539421757096
    -0.903443692987523    -1.935448241021238    -0.155618657675658
     0.577269379623196    -0.333286631621217     0.588414557544226
   4  17
     0.461595935908125    -0.001956576432558    -0.337904664371903
    -0.001956576444805     0.459336676025996     0.195089348972960
    -0.049801695265756     0.028753022172439     0.635754662442800
   4  18
    -0.190675619291232     0.001956576434458     0.337904664311343
     0.001956576439035     0.099328432797620     0.597383846537075
     0.049801695274120     0.070602973815941    -0.091635582085429
   4  19
     0.025132974886601     0.126553726381607    -0.348397254711163
     0.126553726386190    -0.116480161349082    -0.591325946770820
    -0.036243121276190    -0.078431020155657    -0.091635582074049
   4  20
    -0.700775340293087    -0.126553726383507     0.348397254771722
    -0.126553726380423    -0.846906996264128    -0.201147248739217
     0.036243121267827    -0.020924975832724    -0.452483498283321
   4  21
     0.495276436736938     0.382188812590493    -0.560425311664798
     0.382188812597418     0.936590064389449     0.323561704525348
     0.104009373046785    -0.060049839524572     1.137666008825689
   4  22
    -0.430747190307640    -0.382188812592364     0.560425311728774
    -0.382188812596886     0.447776892584234     0.958569313930967
    -0.104009373053426    -0.164493425886928     0.091635582077855
   4  23
     0.559131092617235     0.189317680521897    -0.549932721328997
     0.189317680517376    -0.542101390319240    -0.964627213697295
     0.090450799055628     0.172321472226872     0.091635582081623
   4  24
    -0.218938290256940    -0.189317680520025     0.549932721265021
    -0.189317680517905    -0.437543517864850    -0.317503804759018
    -0.090450799048987     0.052221793184630    -1.320937172985168
   4  25
     1.573234318890024    -0.727275159416497     0.206739359391775
    -0.727275159441420     0.733449300820995    -0.119361024776505
     0.546566513173516    -0.315560323377408    -1.039531914576999
   4  26
     2.233041309128455     0.727275159400035    -0.206739359385157
     0.727275159426461     2.884744604178443    -0.448631043113361
    -0.546566513102518    -1.022256714120279    -0.014004282082994
   4  27
     2.091980016860178     0.645833384369550     0.285156200559993
     0.645833384395964     3.025805896457913     0.403357058735501
     0.612017026901409     0.984468842200324    -0.014004282076558
   4  28
     1.152219511678531    -0.645833384345654    -0.285156200566611
    -0.645833384373571     0.406475355074087     0.164635009154367
    -0.612017026972407     0.353348195297360     1.067540478736550
   4  29
     1.882026731727694    -0.905233561643662     0.256841304095290
    -0.905233561633714     0.836753050681491    -0.148287396060789
     0.927275545327095    -0.535362785834823    -1.026632690332010
   4  30
     0.557387997466642     0.905233561663095    -0.256841304096646
     0.905233561637295    -5.600856426573555    -0.354314219437716
    -0.927275545394099    -1.530512613531093     0.014004282076991
   4  31
    -4.845250581359656    -2.213981276178612     0.178424462921830
    -2.213981276204430    -0.198217847776914     0.399588203815609
     0.861825031595076     1.568300485450819     0.014004282082561
   4  32
    -4.644639304391866     2.213981276151745    -0.178424462920473
     2.213981276193415    -2.088153932862460     0.103013411682894
    -0.861825031528072     0.497574913915099     0.998624126172458
   5   1
    -1.949517499700844     0.614195736695773    -0.375277244341383
     0.614195736695773    -1.240305351625286     0.216666418114547
    -0.375277244341383     0.216666418114547     0.286010563365603
   5   2
    -3.439304199157730    -0.614195736719271     0.375277244395084
    -0.614195736719271     0.721261919926393     0.659234902837229
     0.375277244395084     0.659234902837229     0.502872287625971
   5   3
     0.213029500876551     1.494480108192655    -0.383275550899145
     1.494480108192655    -2.931071780504719    -0.654617078579194
    -0.383275550899145    -0.654617078579194     0.502872287674827
   5   4
    -2.781612279643395    -1.494480108185934     0.383275550845443
    -1.494480108185934    -4.507289265363694    -0.221284242372580
     0.383275550845443    -0.221284242372580    -1.291755138666401
   5   5
     8.415617598427577    -0.039400336082569    -0.415464624790625
    -0.039400336082569     8.370122009293757     0.239868612816130
    -0.415464624790625     0.239868612816130     3.445183666389868
   5   6
     2.622334616986222     0.039400336097114     0.415464624732799
     0.039400336097114    -0.261502848592589     0.710370190102272
     0.415464624732799     0.710370190102272    -0.502872287667408
   5   7
     0.425334825667301    -1.229038084818024    -0.407466318228105
    -1.229038084818024     1.935496942282406    -0.714988014359212
    -0.407466318228105    -0.714988014359212    -0.502872287633389
   5   8
    -3.505882563455684     1.229038084820256     0.407466318285931
     1.229038084820256    -2.086711625416267    -0.235250788559194
     0.407466318285931    -0.235250788559194    -2.439439091089070
   5   9
    -0.892241322369258    -0.903443692959161     0.269539421757096
    -0.903443692987523    -1.935448241021238    -0.155618657675658
     0.577269379623196    -0.333286631621217     0.588414557544226
   5  10
     1.475507750195106     0.903443692978345    -0.269539421747937
     0.903443692998108    -1.296902494564995     0.028636329343436
    -0.577269379624475    -0.504367592686922    -0.000000000000583
   5  11
    -1.386205122350518    -0.748767004356589    -0.159569499494105
    -0.748767004336821     1.564810377978489     0.219109821907548
     0.148160458324032     0.752113743836751     0.000000000000583
   5  12
     0.802938694526338     0.748767004338368     0.159569499484946
     0.748767004327197     1.667540357606077    -0.092127493575326
    -0.148160458322753     0.085540480471387    -0.588414557544226
   5  13
    -0.892241322353414    -0.903443692986565    -0.577269379542745
    -0.903443692941828    -1.935448241037083     0.333286631760563
    -0.269539421730238     0.155618657722185     0.588414557544225
   5  14
     1.475507750174974     0.903443692963665     0.577269379536024
     0.903443692946811    -1.296902494544557     0.504367592669727
     0.269539421740071    -0.028636329272196     0.000000000000218
   5  15
    -1.386205122389383    -0.748767004339353    -0.148160458294694
    -0.748767004356200     1.564810378017048    -0.752113743921943
     0.159569499559740    -0.219109821878729    -0.000000000000218
   5  16
     0.802938694566155     0.748767004361289     0.148160458301415
     0.748767004350256     1.667540357566259    -0.085540480508347
    -0.159569499569573     0.092127493428741    -0.588414557544225
   5  17
    -0.218938290256940    -0.189317680520025     0.549932721265021
    -0.189317680517905    -0.437543517864850    -0.317503804759018
    -0.090450799048987     0.052221793184630    -1.320937172985168
   5  18
     0.559131092617235     0.189317680521897    -0.549932721328997
     0.189317680517376    -0.542101390319240    -0.964627213697295
     0.090450799055628     0.172321472226872     0.091635582081623
   5  19
    -0.430747190307640    -0.382188812592364     0.560425311728774
    -0.382188812596886     0.447776892584234     0.958569313930967
    -0.104009373053426    -0.164493425886928     0.091635582077855
   5  20
     0.495276436736938     0.382188812590493    -0.560425311664798
     0.382188812597418     0.936590064389449     0.323561704525348
     0.104009373046785    -0.060049839524572     1.137666008825689
   5  21
    -0.700775340293087    -0.126553726383507     0.348397254771722
    -0.126553726380423    -0.846906996264128    -0.201147248739217
     0.036243121267827    -0.020924975832724    -0.452483498283321
   5  22
     0.025132974886601     0.126553726381607    -0.348397254711163
     0.126553726386190    -0.116480161349082    -0.591325946770820
    -0.036243121276190    -0.078431020155657    -0.091635582074049
   5  23
    -0.190675619291232     0.001956576434458     0.337904664311343
     0.001956576439035     0.099328432797620     0.597383846537075
     0.049801695274120     0.070602973815941    -0.091635582085429
   5  24
     0.461595935908125    -0.001956576432558    -0.337904664371903
    -0.001956576444805     0.459336676025996     0.195089348972960
    -0.049801695265756     0.028753022172439     0.635754662442800
   5  25
    -4.644639304391866     2.213981276151745    -0.178424462920473
     2.213981276193415    -2.088153932862460     0.103013411682894
    -0.861825031528072     0.497574913915099     0.998624126172458
   5  26
    -4.845250581359656    -2.213981276178612     0.178424462921830
    -2.213981276204430    -0.198217847776914     0.399588203815609
     0.861825031595076     1.568300485450819     0.014004282082561
   5  27
     0.557387997466642     0.905233561663095    -0.256841304096646
     0.905233561637295    -5.600856426573555    -0.354314219437716
    -0.927275545394099    -1.530512613531093     0.014004282076991
   5  28
     1.882026731727694    -0.905233561643662     0.256841304095290
    -0.905233561633714     0.836753050681491    -0.148287396060789
     0.927275545327095    -0.535362785834823    -1.026632690332010
   5  29
     1.152219511678531    -0.645833384345654    -0.285156200566611
    -0.645833384373571     0.406475355074087     0.164635009154367
    -0.612017026972407     0.353348195297360     1.067540478736550
   5  30
     2.091980016860178     0.645833384369550     0.285156200559993
     0.645833384395964     3.025805896457913     0.403357058735501
     0.612017026901409     0.984468842200324    -0.014004282076558
   5  31
     2.233041309128455     0.727275159400035    -0.206739359385157
     0.727275159426461     2.884744604178443    -0.448631043113361
    -0.546566513102518    -1.022256714120279    -0.014004282082994
   5  32
     1.573234318890024    -0.727275159416497     0.206739359391775
    -0.727275159441420     0.733449300820995    -0.119361024776505
     0.546566513173516    -0.315560323377408    -1.039531914576999
   6   1
    -3.439304199157730    -0.614195736719271     0.375277244395084
    -0.614195736719271     0.721261919926393     0.659234902837229
     0.375277244395084     0.659234902837229     0.502872287625971
   6   2
    -1.949517499700844     0.614195736695773    -0.375277244341383
     0.614195736695773    -1.240305351625286     0.216666418114547
    -0.375277244341383     0.216666418114547     0.286010563365603
   6   3
    -2.781612279643395    -1.494480108185934     0.383275550845443
    -1.494480108185934    -4.507289265363694    -0.221284242372580
     0.383275550845443    -0.221284242372580    -1.291755138666401
   6   4
     0.213029500876551     1.494480108192655    -0.383275550899145
     1.494480108192655    -2.931071780504719    -0.654617078579194
    -0.383275550899145    -0.654617078579194     0.502872287674827
   6   5
     2.622334616986222     0.039400336097114     0.415464624732799
     0.039400336097114    -0.261502848592589     0.710370190102272
     0.415464624732799     0.710370190102272    -0.502872287667408
   6   6
     8.415617598427577    -0.039400336082569    -0.415464624790625
    -0.039400336082569     8.370122009293757     0.239868612816130
    -0.415464624790625     0.239868612816130     3.445183666389868
   6   7
    -3.505882563455684     1.229038084820256     0.407466318285931
     1.229038084820256    -2.086711625416267    -0.235250788559194
     0.407466318285931    -0.235250788559194    -2.439439091089070
   6   8
     0.425334825667301    -1.229038084818024    -0.407466318228105
    -1.229038084818024     1.935496942282406    -0.714988014359212
    -0.407466318228105    -0.714988014359212    -0.502872287633389
   6   9
     1.475507750195106     0.903443692978345    -0.269539421747937
     0.903443692998108    -1.296902494564995     0.028636329343436
    -0.577269379624475    -0.504367592686922    -0.000000000000583
   6  10
    -0.892241322369258    -0.903443692959161     0.269539421757096
    -0.903443692987523    -1.935448241021238    -0.155618657675658
     0.577269379623196    -0.333286631621217     0.588414557544226
   6  11
     0.802938694526338     0.748767004338368     0.159569499484946
     0.748767004327197     1.667540357606077    -0.092127493575326
    -0.148160458322753     0.085540480471387    -0.588414557544226
   6  12
    -1.386205122350518    -0.748767004356589    -0.159569499494105
    -0.748767004336821     1.564810377978489     0.219109821907548
     0.148160458324032     0.752113743836751     0.000000000000583
   6  13
     1.475507750174974     0.903443692963665     0.577269379536024
     0.903443692946811    -1.296902494544557     0.504367592669727
     0.269539421740071    -0.028636329272196     0.000000000000218
   6  14
    -0.892241322353414    -0.903443692986565    -0.577269379542745
    -0.903443692941828    -1.935448241037083     0.333286631760563
    -0.269539421730238     0.155618657722185     0.588414557544225
   6  15
     0.802938694566155     0.748767004361289     0.148160458301415
     0.748767004350256     1.667540357566259    -0.085540480508347
    -0.159569499569573     0.092127493428741    -0.588414557544225
   6  16
    -1.386205122389383    -0.748767004339353    -0.148160458294694
    -0.748767004356200     1.564810378017048    -0.752113743921943
     0.159569499559740    -0.219109821878729    -0.000000000000218
   6  17
     0.559131092617235     0.189317680521897    -0.549932721328997
     0.189317680517376    -0.542101390319240    -0.964627213697295
     0.090450799055628     0.172321472226872     0.091635582081623
   6  18
    -0.218938290256940    -0.189317680520025     0.549932721265021
    -0.189317680517905    -0.437543517864850    -0.317503804759018
    -0.090450799048987     0.052221793184630    -1.320937172985168
   6  19
     0.495276436736938     0.382188812590493    -0.560425311664798
     0.382188812597418     0.936590064389449     0.323561704525348
     0.104009373046785    -0.060049839524572     1.137666008825689
   6  20
    -0.430747190307640    -0.382188812592364     0.560425311728774
    -0.382188812596886     0.447776892584234     0.958569313930967
    -0.104009373053426    -0.164493425886928     0.091635582077855
   6  21
     0.025132974886601     0.126553726381607    -0.348397254711163
     0.126553726386190    -0.116480161349082    -0.591325946770820
    -0.036243121276190    -0.078431020155657    -0.091635582074049
   6  22
    -0.700775340293087    -0.126553726383507     0.348397254771722
    -0.126553726380423    -0.846906996264128    -0.201147248739217
     0.036243121267827    -0.020924975832724    -0.452483498283321
   6  23
     0.461595935908125    -0.001956576432558    -0.337904664371903
    -0.001956576444805     0.459336676025996     0.195089348972960
    -0.049801695265756     0.028753022172439     0.635754662442800
   6  24
    -0.190675619291232     0.001956576434458     0.337904664311343
     0.001956576439035     0.099328432797620     0.597383846537075
     0.049801695274120     0.070602973815941    -0.091635582085429
   6  25
    -4.845250581359656    -2.213981276178612     0.178424462921830
    -2.213981276204430    -0.198217847776914     0.399588203815609
     0.861825031595076     1.568300485450819     0.014004282082561
   6  26
    -4.644639304391866     2.213981276151745    -0.178424462920473
     2.213981276193415    -2.088153932862460     0.103013411682894
    -0.861825031528072     0.497574913915099     0.998624126172458
   6  27
     1.882026731727694    -0.905233561643662     0.256841304095290
    -0.905233561633714     0.836753050681491    -0.148287396060789
     0.927275545327095    -0.535362785834823    -1.026632690332010
   6  28
     0.557387997466642     0.905233561663095    -0.256841304096646
     0.905233561637295    -5.600856426573555    -0.354314219437716
    -0.927275545394099    -1.530512613531093     0.014004282076991
   6  29
     2.091980016860178     0.645833384369550     0.285156200559993
     0.645833384395964     3.025805896457913     0.403357058735501
     0.612017026901409     0.984468842200324    -0.014004282076558
   6  30
     1.152219511678531    -0.645833384345654    -0.285156200566611
    -0.645833384373571     0.406475355074087     0.164635009154367
    -0.612017026972407     0.353348195297360     1.067540478736550
   6  31
     1.573234318890024    -0.727275159416497     0.206739359391775
