  32
   1   1
    21.676723819765954    -0.001410117698920     0.001934537420484
    -0.001410117698920    21.675095556027951    -0.001116905699795
     0.001934537420484    -0.001116905699795    21.346408753471298
   1   2
    -5.235496746443635     0.001410117714292    -0.001934537419956
     0.001410117714292     1.409830747584253    -0.788354603584293
    -0.001934537419955    -0.788354603584293     1.485227892230305
   1   3
    -0.252722323677200     2.878216272035894     0.681767845182680
     2.878216272035894    -3.572943675200353     0.395852660341929
     0.681767845182681     0.395852660341928     1.485227892263225
   1   4
    -0.265951247068823    -2.878216272020380    -0.681767845183211
    -2.878216272020380    -3.589429125942539     0.393618848942156
    -0.681767845183211     0.393618848942156     1.460328250255772
   1   5
    -0.225805087983149    -0.001238602845111     0.000676057895426
    -0.001238602845112    -0.227235303360066    -0.000390322208100
     0.000676057895426    -0.000390322208100    -1.443863802099809
   1   6
     0.249445687363215     0.001238602843665    -0.000676057896206
     0.001238602843665    -0.109199792889472     0.201785869477564
    -0.000676057896206     0.201785869477564    -0.339499518238882
   1   7
    -0.020611084347095    -0.154678747001597    -0.175089718037326
    -0.154678747001597     0.160856978843812    -0.100307451426084
    -0.175089718037326    -0.100307451426084    -0.339499518259751
   1   8
    -0.031531976026826     0.154678747000091     0.175089718038107
     0.154678747000091     0.147075656422097    -0.101088095843393
     0.175089718038107    -0.101088095843393    -0.323384402950141
   1   9
    -0.145893096497941    -0.043171208381283     1.211746143540143
    -0.043171208380836    -0.195742914052876    -0.699601962166673
     2.045483841304697    -1.180960646387252    -1.369935160261478
   1  10
    -0.152020004524705     0.043171208381134    -1.211746143537818
     0.043171208380873    -0.203926478817433    -0.692132631314263
    -2.045483841304633    -1.176368310878448    -1.370787042104780
   1  11
    -0.228337223413894    -0.000890558490702    -0.006468630265818
    -0.000890558490954    -0.127609259929922     1.395469258906494
    -0.003977079213967     2.359625125032848    -1.370787042103845
   1  12
     0.306796073502888     0.000890558489880     0.006468630263493
     0.000890558489946     0.307824401869936    -0.003734665425561
     0.003977079213911    -0.002296167767154    -0.339770482435372
   1  13
    -0.145893096495191    -0.043171208380069    -2.045483841298931
    -0.043171208378872    -0.195742914055631     1.180960646397245
    -1.211746143543394     0.699601962161051    -1.369935160261475
   1  14
    -0.152020004523181     0.043171208380430     2.045483841295747
     0.043171208379812    -0.203926478818311     1.176368310879297
     1.211746143543685     0.692132631314544    -1.370787042101177
   1  15
    -0.228337223414386    -0.000890558489043     0.003977079219160
    -0.000890558489657    -0.127609259930080    -2.359625125040116
     0.006468630263137    -1.395469258901272    -1.370787042107457
   1  16
     0.306796073502468     0.000890558489655    -0.003977079215976
     0.000890558489689     0.307824401870361     0.002296167763571
    -0.006468630263420     0.003734665425675    -0.339770482435369
   1  17
    -1.600027929039721    -0.000132574548622    -0.000691099493850
    -0.000132574548628    -1.600181012938501     0.000399006476751
    -0.000080468519198     0.000046458521266    -9.772616566456840
   1  18
     0.576620525242661     0.000132574548502     0.000691099493139
     0.000132574548388    -0.115946244509439     0.462667869461249
     0.000080468519304     0.190984856508593    -0.560121178168457
   1  19
     0.057080634999685    -0.299823920938901    -0.400336578720847
    -0.299823920939009     0.403593645728748    -0.231932444447315
    -0.165357503215183    -0.095562116036174    -0.560121178169401
   1  20
     0.056208933090823     0.299823920938493     0.400336578721558
     0.299823920938725     0.402415776014464    -0.231134431490678
     0.165357503215072    -0.095469198993687    -0.559959424078555
   1  21
    -0.457163615735915    -0.000266783144589     0.000508651926575
    -0.000266783144589    -0.457471670372859    -0.000293670324369
    -0.000102388887211     0.000059114251350     1.249725578521633
   1  22
     0.446985825967539     0.000266783144421    -0.000508651925962
     0.000266783144404    -0.204106472285846    -0.625299477858595
     0.000102388887163    -0.118590445008138     0.277214029006579
   1  23
    -0.041564438704690    -0.281797843677635     0.541270906835483
    -0.281797843677644     0.284443792382036     0.313090244417795
     0.102753532466594     0.059206551126774     0.277214029005818
   1  24
    -0.041920963171676     0.281797843677275    -0.541270906836097
     0.281797843677303     0.283471158633748     0.312502903765178
    -0.102753532466552     0.059324779630011     0.277710457700439
   1  25
    -0.066925379333520     0.165260767323375     0.126054348123157
     0.165260767324495     0.123901317658680    -0.072777511820986
    -0.194438654190584     0.112259209336325     0.785707285450606
   1  26
    -0.066310388819284    -0.165260767321748    -0.126054348122862
    -0.165260767322273     0.125894181628445    -0.072729170076140
     0.194438654191292     0.112217011496830     0.784928941905225
   1  27
     0.220963061759992     0.000596636709123    -0.000041865178886
     0.000596636708597    -0.161379268967511     0.145530852770457
     0.000036544401102    -0.224497319753493     0.784928941903168
   1  28
    -0.197494988865134    -0.000596636706177     0.000041865178590
    -0.000596636706252    -0.198183925593395    -0.000024170873332
    -0.000036544401810     0.000021098920349     0.164471917071862
   1  29
    -6.436055764533296     2.929958678133564    -2.075386851645640
     2.929958678152576    -3.052830901431608     1.198225157478234
    -2.437864943771618     1.407501981529771    -2.463733608736914
   1  30
    -6.435499844484044    -2.929958678140032     2.075386851642237
    -2.929958678149550    -3.051169386423076     1.198086959389865
     2.437864943770838     1.407446977465578    -2.463210113009902
   1  31
    -1.359833353617727     0.000478736664375     0.000119683053498
     0.000478736654848    -8.126835877274791    -2.396381215909231
     0.000047634916723    -2.814976461033182    -2.463210113008430
   1  32
    -0.101456525466692    -0.000478736668325    -0.000119683050095
    -0.000478736668301    -0.102009322936174     0.000069099041132
    -0.000047634915940     0.000027502037830    -0.188967165059372
   2   1
    -5.235496746443634     0.001410117714292    -0.001934537419956
     0.001410117714292     1.409830747584253    -0.788354603584293
    -0.001934537419955    -0.788354603584293     1.485227892230305
   2   2
    21.676723819765950    -0.001410117698919     0.001934537420484
    -0.001410117698919    21.675095556027951    -0.001116905699795
     0.001934537420484    -0.001116905699795    21.346408753471298
   2   3
    -0.265951247068823    -2.878216272020379    -0.681767845183211
    -2.878216272020379    -3.589429125942540     0.393618848942156
    -0.681767845183211     0.393618848942156     1.460328250255772
   2   4
    -0.252722323677199     2.878216272035893     0.681767845182680
     2.878216272035893    -3.572943675200353     0.395852660341929
     0.681767845182680     0.395852660341928     1.485227892263225
   2   5
     0.249445687363215     0.001238602843665    -0.000676057896206
     0.001238602843665    -0.109199792889472     0.201785869477564
    -0.000676057896206     0.201785869477564    -0.339499518238882
   2   6
    -0.225805087983149    -0.001238602845111     0.000676057895426
    -0.001238602845112    -0.227235303360066    -0.000390322208100
     0.000676057895426    -0.000390322208100    -1.443863802099809
   2   7
    -0.031531976026826     0.154678747000091     0.175089718038107
     0.154678747000091     0.147075656422097    -0.101088095843393
     0.175089718038107    -0.101088095843393    -0.323384402950141
   2   8
    -0.020611084347095    -0.154678747001597    -0.175089718037326
    -0.154678747001597     0.160856978843812    -0.100307451426084
    -0.175089718037326    -0.100307451426084    -0.339499518259751
   2   9
    -0.152020004524705     0.043171208381134    -1.211746143537818
     0.043171208380873    -0.203926478817433    -0.692132631314263
    -2.045483841304633    -1.176368310878448    -1.370787042104780
   2  10
    -0.145893096497941    -0.043171208381283     1.211746143540142
    -0.043171208380836    -0.195742914052876    -0.699601962166673
     2.045483841304697    -1.180960646387252    -1.369935160261478
   2  11
     0.306796073502888     0.000890558489880     0.006468630263493
     0.000890558489946     0.307824401869936    -0.003734665425561
     0.003977079213911    -0.002296167767154    -0.339770482435372
   2  12
    -0.228337223413894    -0.000890558490702    -0.006468630265818
    -0.000890558490954    -0.127609259929922     1.395469258906494
    -0.003977079213967     2.359625125032848    -1.370787042103845
   2  13
    -0.152020004523181     0.043171208380430     2.045483841295747
     0.043171208379812    -0.203926478818311     1.176368310879297
     1.211746143543684     0.692132631314544    -1.370787042101177
   2  14
    -0.145893096495191    -0.043171208380069    -2.045483841298930
    -0.043171208378872    -0.195742914055631     1.180960646397245
    -1.211746143543394     0.699601962161051    -1.369935160261475
   2  15
     0.306796073502468     0.000890558489655    -0.003977079215976
     0.000890558489689     0.307824401870361     0.002296167763571
    -0.006468630263420     0.003734665425675    -0.339770482435369
   2  16
    -0.228337223414386    -0.000890558489043     0.003977079219160
    -0.000890558489657    -0.127609259930080    -2.359625125040116
     0.006468630263137    -1.395469258901272    -1.370787042107457
   2  17
     0.576620525242660     0.000132574548502     0.000691099493139
     0.000132574548388    -0.115946244509439     0.462667869461249
     0.000080468519304     0.190984856508593    -0.560121178168457
   2  18
    -1.600027929039721    -0.000132574548622    -0.000691099493850
    -0.000132574548628    -1.600181012938501     0.000399006476751
    -0.000080468519198     0.000046458521266    -9.772616566456840
   2  19
     0.056208933090823     0.299823920938493     0.400336578721558
     0.299823920938725     0.402415776014464    -0.231134431490678
     0.165357503215072    -0.095469198993687    -0.559959424078555
   2  20
     0.057080634999684    -0.299823920938901    -0.400336578720847
    -0.299823920939009     0.403593645728748    -0.231932444447315
    -0.165357503215183    -0.095562116036174    -0.560121178169401
   2  21
     0.446985825967539     0.000266783144421    -0.000508651925962
     0.000266783144404    -0.204106472285846    -0.625299477858595
     0.000102388887163    -0.118590445008138     0.277214029006579
   2  22
    -0.457163615735915    -0.000266783144589     0.000508651926575
    -0.000266783144589    -0.457471670372859    -0.000293670324369
    -0.000102388887211     0.000059114251350     1.249725578521633
   2  23
    -0.041920963171676     0.281797843677275    -0.541270906836097
     0.281797843677303     0.283471158633748     0.312502903765178
    -0.102753532466552     0.059324779630011     0.277710457700439
   2  24
    -0.041564438704690    -0.281797843677635     0.541270906835483
    -0.281797843677644     0.284443792382036     0.313090244417795
     0.102753532466594     0.059206551126774     0.277214029005818
   2  25
    -0.066310388819284    -0.165260767321748    -0.126054348122862
    -0.165260767322273     0.125894181628445    -0.072729170076140
     0.194438654191292     0.112217011496830     0.784928941905225
   2  26
    -0.066925379333520     0.165260767323375     0.126054348123157
     0.165260767324495     0.123901317658680    -0.072777511820986
    -0.194438654190584     0.112259209336325     0.785707285450606
   2  27
    -0.197494988865134    -0.000596636706177     0.000041865178590
    -0.000596636706252    -0.198183925593395    -0.000024170873332
    -0.000036544401810     0.000021098920349     0.164471917071862
   2  28
     0.220963061759992     0.000596636709123    -0.000041865178886
     0.000596636708597    -0.161379268967511     0.145530852770457
     0.000036544401102    -0.224497319753493     0.784928941903168
   2  29
    -6.435499844484042    -2.929958678140032     2.075386851642236
    -2.929958678149550    -3.051169386423076     1.198086959389865
     2.437864943770837     1.407446977465578    -2.463210113009902
   2  30
    -6.436055764533294     2.929958678133563    -2.075386851645639
     2.929958678152575    -3.052830901431607     1.198225157478234
    -2.437864943771618     1.407501981529771    -2.463733608736914
   2  31
    -0.101456525466692    -0.000478736668325    -0.000119683050095
    -0.000478736668301    -0.102009322936174     0.000069099041132
    -0.000047634915940     0.000027502037830    -0.188967165059372
   2  32
    -1.359833353617726     0.000478736664375     0.000119683053498
     0.000478736654848    -8.126835877274791    -2.396381215909231
     0.000047634916723    -2.814976461033182    -2.463210113008430
   3   1
    -0.252722323677199     2.878216272035893     0.681767845182680
     2.878216272035893    -3.572943675200353     0.395852660341929
     0.681767845182680     0.395852660341928     1.485227892263225
   3   2
    -0.265951247068823    -2.878216272020379    -0.681767845183211
    -2.878216272020379    -3.589429125942540     0.393618848942156
    -0.681767845183211     0.393618848942156     1.460328250255772
   3   3
    21.676723819765950    -0.001410117698919     0.001934537420484
    -0.001410117698919    21.675095556027951    -0.001116905699795
     0.001934537420484    -0.001116905699795    21.346408753471298
   3   4
    -5.235496746443634     0.001410117714292    -0.001934537419956
     0.001410117714292     1.409830747584253    -0.788354603584293
    -0.001934537419955    -0.788354603584293     1.485227892230305
   3   5
    -0.020611084347095    -0.154678747001597    -0.175089718037326
    -0.154678747001597     0.160856978843812    -0.100307451426084
    -0.175089718037326    -0.100307451426084    -0.339499518259751
   3   6
    -0.031531976026826     0.154678747000091     0.175089718038107
     0.154678747000091     0.147075656422097    -0.101088095843393
     0.175089718038107    -0.101088095843393    -0.323384402950141
   3   7
    -0.225805087983149    -0.001238602845111     0.000676057895426
    -0.001238602845112    -0.227235303360066    -0.000390322208100
     0.000676057895426    -0.000390322208100    -1.443863802099809
   3   8
     0.249445687363215     0.001238602843665    -0.000676057896206
     0.001238602843665    -0.109199792889472     0.201785869477564
    -0.000676057896206     0.201785869477564    -0.339499518238882
   3   9
    -0.228337223413894    -0.000890558490702    -0.006468630265818
    -0.000890558490954    -0.127609259929922     1.395469258906494
    -0.003977079213967     2.359625125032848    -1.370787042103845
   3  10
     0.306796073502888     0.000890558489880     0.006468630263493
     0.000890558489946     0.307824401869936    -0.003734665425561
     0.003977079213911    -0.002296167767154    -0.339770482435372
   3  11
    -0.145893096497941    -0.043171208381283     1.211746143540142
    -0.043171208380836    -0.195742914052876    -0.699601962166673
     2.045483841304697    -1.180960646387252    -1.369935160261478
   3  12
    -0.152020004524705     0.043171208381134    -1.211746143537818
     0.043171208380873    -0.203926478817433    -0.692132631314263
    -2.045483841304633    -1.176368310878448    -1.370787042104780
   3  13
    -0.228337223414386    -0.000890558489043     0.003977079219160
    -0.000890558489657    -0.127609259930080    -2.359625125040116
     0.006468630263137    -1.395469258901272    -1.370787042107457
   3  14
     0.306796073502468     0.000890558489655    -0.003977079215976
     0.000890558489689     0.307824401870361     0.002296167763571
    -0.006468630263420     0.003734665425675    -0.339770482435369
   3  15
    -0.145893096495191    -0.043171208380069    -2.045483841298930
    -0.043171208378872    -0.195742914055631     1.180960646397245
    -1.211746143543394     0.699601962161051    -1.369935160261475
   3  16
    -0.152020004523181     0.043171208380430     2.045483841295747
     0.043171208379812    -0.203926478818311     1.176368310879297
     1.211746143543684     0.692132631314544    -1.370787042101177
   3  17
     0.057080634999684    -0.299823920938901    -0.400336578720847
    -0.299823920939009     0.403593645728748    -0.231932444447315
    -0.165357503215183    -0.095562116036174    -0.560121178169401
   3  18
     0.056208933090823     0.299823920938493     0.400336578721558
     0.299823920938725     0.402415776014464    -0.231134431490678
     0.165357503215072    -0.095469198993687    -0.559959424078555
   3  19
    -1.600027929039721    -0.000132574548622    -0.000691099493850
    -0.000132574548628    -1.600181012938501     0.000399006476751
    -0.000080468519198     0.000046458521266    -9.772616566456840
   3  20
     0.576620525242660     0.000132574548502     0.000691099493139
     0.000132574548388    -0.115946244509439     0.462667869461249
     0.000080468519304     0.190984856508593    -0.560121178168457
   3  21
    -0.041564438704690    -0.281797843677635     0.541270906835483
    -0.281797843677644     0.284443792382036     0.313090244417795
     0.102753532466594     0.059206551126774     0.277214029005818
   3  22
    -0.041920963171676     0.281797843677275    -0.541270906836097
     0.281797843677303     0.283471158633748     0.312502903765178
    -0.102753532466552     0.059324779630011     0.277710457700439
   3  23
    -0.457163615735915    -0.000266783144589     0.000508651926575
    -0.000266783144589    -0.457471670372859    -0.000293670324369
    -0.000102388887211     0.000059114251350     1.249725578521633
   3  24
     0.446985825967539     0.000266783144421    -0.000508651925962
     0.000266783144404    -0.204106472285846    -0.625299477858595
     0.000102388887163    -0.118590445008138     0.277214029006579
   3  25
     0.220963061759992     0.000596636709123    -0.000041865178886
     0.000596636708597    -0.161379268967511     0.145530852770457
     0.000036544401102    -0.224497319753493     0.784928941903168
   3  26
    -0.197494988865134    -0.000596636706177     0.000041865178590
    -0.000596636706252    -0.198183925593395    -0.000024170873332
    -0.000036544401810     0.000021098920349     0.164471917071862
   3  27
    -0.066925379333520     0.165260767323375     0.126054348123157
     0.165260767324495     0.123901317658680    -0.072777511820986
    -0.194438654190584     0.112259209336325     0.785707285450606
   3  28
    -0.066310388819284    -0.165260767321748    -0.126054348122862
    -0.165260767322273     0.125894181628445    -0.072729170076140
     0.194438654191292     0.112217011496830     0.784928941905225
   3  29
    -1.359833353617726     0.000478736664375     0.000119683053498
     0.000478736654848    -8.126835877274791    -2.396381215909231
     0.000047634916723    -2.814976461033182    -2.463210113008430
   3  30
    -0.101456525466692    -0.000478736668325    -0.000119683050095
    -0.000478736668301    -0.102009322936174     0.000069099041132
    -0.000047634915940     0.000027502037830    -0.188967165059372
   3  31
    -6.436055764533294     2.929958678133563    -2.075386851645639
     2.929958678152575    -3.052830901431607     1.198225157478234
    -2.437864943771618     1.407501981529771    -2.463733608736914
   3  32
    -6.435499844484042    -2.929958678140032     2.075386851642236
    -2.929958678149550    -3.051169386423076     1.198086959389865
     2.437864943770837     1.407446977465578    -2.463210113009902
   4   1
    -0.265951247068823    -2.878216272020379    -0.681767845183211
    -2.878216272020379    -3.589429125942540     0.393618848942156
    -0.681767845183211     0.393618848942156     1.460328250255772
   4   2
    -0.252722323677199     2.878216272035893     0.681767845182680
     2.878216272035893    -3.572943675200353     0.395852660341929
     0.681767845182680     0.395852660341928     1.485227892263225
   4   3
    -5.235496746443634     0.001410117714292    -0.001934537419956
     0.001410117714292     1.409830747584253    -0.788354603584293
    -0.001934537419955    -0.788354603584293     1.485227892230305
   4   4
    21.676723819765950    -0.001410117698919     0.001934537420484
    -0.001410117698919    21.675095556027951    -0.001116905699795
     0.001934537420484    -0.001116905699795    21.346408753471298
   4   5
    -0.031531976026826     0.154678747000091     0.175089718038107
     0.154678747000091     0.147075656422097    -0.101088095843393
     0.175089718038107    -0.101088095843393    -0.323384402950141
   4   6
    -0.020611084347095    -0.154678747001597    -0.175089718037326
    -0.154678747001597     0.160856978843812    -0.100307451426084
    -0.175089718037326    -0.100307451426084    -0.339499518259751
   4   7
     0.249445687363215     0.001238602843665    -0.000676057896206
     0.001238602843665    -0.109199792889472     0.201785869477564
    -0.000676057896206     0.201785869477564    -0.339499518238882
   4   8
    -0.225805087983149    -0.001238602845111     0.000676057895426
    -0.001238602845112    -0.227235303360066    -0.000390322208100
     0.000676057895426    -0.000390322208100    -1.443863802099809
   4   9
     0.306796073502888     0.000890558489880     0.006468630263493
     0.000890558489946     0.307824401869936    -0.003734665425561
     0.003977079213911    -0.002296167767154    -0.339770482435372
   4  10
    -0.228337223413894    -0.000890558490702    -0.006468630265818
    -0.000890558490954    -0.127609259929922     1.395469258906494
    -0.003977079213967     2.359625125032848    -1.370787042103845
   4  11
    -0.152020004524705     0.043171208381134    -1.211746143537818
     0.043171208380873    -0.203926478817433    -0.692132631314263
    -2.045483841304633    -1.176368310878448    -1.370787042104780
   4  12
    -0.145893096497941    -0.043171208381283     1.211746143540142
    -0.043171208380836    -0.195742914052876    -0.699601962166673
     2.045483841304697    -1.180960646387252    -1.369935160261478
   4  13
     0.306796073502468     0.000890558489655    -0.003977079215976
     0.000890558489689     0.307824401870361     0.002296167763571
    -0.006468630263420     0.003734665425675    -0.339770482435369
   4  14
    -0.228337223414386    -0.000890558489043     0.003977079219160
    -0.000890558489657    -0.127609259930080    -2.359625125040116
     0.006468630263137    -1.395469258901272    -1.370787042107457
   4  15
    -0.152020004523181     0.043171208380430     2.045483841295747
     0.043171208379812    -0.203926478818311     1.176368310879297
     1.211746143543684     0.692132631314544    -1.370787042101177
   4  16
    -0.145893096495191    -0.043171208380069    -2.045483841298930
    -0.043171208378872    -0.195742914055631     1.180960646397245
    -1.211746143543394     0.699601962161051    -1.369935160261475
   4  17
     0.056208933090823     0.299823920938493     0.400336578721558
     0.299823920938725     0.402415776014464    -0.231134431490678
     0.165357503215072    -0.095469198993687    -0.559959424078555
   4  18
     0.057080634999684    -0.299823920938901    -0.400336578720847
    -0.299823920939009     0.403593645728748    -0.231932444447315
    -0.165357503215183    -0.095562116036174    -0.560121178169401
   4  19
     0.576620525242660     0.000132574548502     0.000691099493139
     0.000132574548388    -0.115946244509439     0.462667869461249
     0.000080468519304     0.190984856508593    -0.560121178168457
   4  20
    -1.600027929039721    -0.000132574548622    -0.000691099493850
    -0.000132574548628    -1.600181012938501     0.000399006476751
    -0.000080468519198     0.000046458521266    -9.772616566456840
   4  21
    -0.041920963171676     0.281797843677275    -0.541270906836097
     0.281797843677303     0.283471158633748     0.312502903765178
    -0.102753532466552     0.059324779630011     0.277710457700439
   4  22
    -0.041564438704690    -0.281797843677635     0.541270906835483
    -0.281797843677644     0.284443792382036     0.313090244417795
     0.102753532466594     0.059206551126774     0.277214029005818
   4  23
     0.446985825967539     0.000266783144421    -0.000508651925962
     0.000266783144404    -0.204106472285846    -0.625299477858595
     0.000102388887163    -0.118590445008138     0.277214029006579
   4  24
    -0.457163615735915    -0.000266783144589     0.000508651926575
    -0.000266783144589    -0.457471670372859    -0.000293670324369
    -0.000102388887211     0.000059114251350     1.249725578521633
   4  25
    -0.197494988865134    -0.000596636706177     0.000041865178590
    -0.000596636706252    -0.198183925593395    -0.000024170873332
    -0.000036544401810     0.000021098920349     0.164471917071862
   4  26
     0.220963061759992     0.000596636709123    -0.000041865178886
     0.000596636708597    -0.161379268967511     0.145530852770457
     0.000036544401102    -0.224497319753493     0.784928941903168
   4  27
    -0.066310388819284    -0.165260767321748    -0.126054348122862
    -0.165260767322273     0.125894181628445    -0.072729170076140
     0.194438654191292     0.112217011496830     0.784928941905225
   4  28
    -0.066925379333520     0.165260767323375     0.126054348123157
     0.165260767324495     0.123901317658680    -0.072777511820986
    -0.194438654190584     0.112259209336325     0.785707285450606
   4  29
    -0.101456525466692    -0.000478736668325    -0.000119683050095
    -0.000478736668301    -0.102009322936174     0.000069099041132
    -0.000047634915940     0.000027502037830    -0.188967165059372
   4  30
    -1.359833353617726     0.000478736664375     0.000119683053498
     0.000478736654848    -8.126835877274791    -2.396381215909231
     0.000047634916723    -2.814976461033182    -2.463210113008430
   4  31
    -6.435499844484042    -2.929958678140032     2.075386851642236
    -2.929958678149550    -3.051169386423076     1.198086959389865
     2.437864943770837     1.407446977465578    -2.463210113009902
   4  32
    -6.436055764533294     2.929958678133563    -2.075386851645639
     2.929958678152575    -3.052830901431607     1.198225157478234
    -2.437864943771618     1.407501981529771    -2.463733608736914
   5   1
    -0.225805087983149    -0.001238602845111     0.000676057895426
    -0.001238602845112    -0.227235303360066    -0.000390322208100
     0.000676057895426    -0.000390322208100    -1.443863802099809
   5   2
     0.249445687363215     0.001238602843665    -0.000676057896206
     0.001238602843665    -0.109199792889472     0.201785869477564
    -0.000676057896206     0.201785869477564    -0.339499518238882
   5   3
    -0.020611084347095    -0.154678747001597    -0.175089718037326
    -0.154678747001597     0.160856978843812    -0.100307451426084
    -0.175089718037326    -0.100307451426084    -0.339499518259751
   5   4
    -0.031531976026826     0.154678747000091     0.175089718038107
     0.154678747000091     0.147075656422097    -0.101088095843393
     0.175089718038107    -0.101088095843393    -0.323384402950141
   5   5
    21.676723819765950    -0.001410117698919     0.001934537420484
    -0.001410117698919    21.675095556027951    -0.001116905699795
     0.001934537420484    -0.001116905699795    21.346408753471298
   5   6
    -5.235496746443634     0.001410117714292    -0.001934537419956
     0.001410117714292     1.409830747584253    -0.788354603584293
    -0.001934537419955    -0.788354603584293     1.485227892230305
   5   7
    -0.252722323677199     2.878216272035893     0.681767845182680
     2.878216272035893    -3.572943675200353     0.395852660341929
     0.681767845182680     0.395852660341928     1.485227892263225
   5   8
    -0.265951247068823    -2.878216272020379    -0.681767845183211
    -2.878216272020379    -3.589429125942540     0.393618848942156
    -0.681767845183211     0.393618848942156     1.460328250255772
   5   9
    -0.145893096495191    -0.043171208380069    -2.045483841298930
    -0.043171208378872    -0.195742914055631     1.180960646397245
    -1.211746143543394     0.699601962161051    -1.369935160261475
   5  10
    -0.152020004523181     0.043171208380430     2.045483841295747
     0.043171208379812    -0.203926478818311     1.176368310879297
     1.211746143543684     0.692132631314544    -1.370787042101177
   5  11
    -0.228337223414386    -0.000890558489043     0.003977079219160
    -0.000890558489657    -0.127609259930080    -2.359625125040116
     0.006468630263137    -1.395469258901272    -1.370787042107457
   5  12
     0.306796073502468     0.000890558489655    -0.003977079215976
     0.000890558489689     0.307824401870361     0.002296167763571
    -0.006468630263420     0.003734665425675    -0.339770482435369
   5  13
    -0.145893096497941    -0.043171208381283     1.211746143540142
    -0.043171208380836    -0.195742914052876    -0.699601962166673
     2.045483841304697    -1.180960646387252    -1.369935160261478
   5  14
    -0.152020004524705     0.043171208381134    -1.211746143537818
     0.043171208380873    -0.203926478817433    -0.692132631314263
    -2.045483841304633    -1.176368310878448    -1.370787042104780
   5  15
    -0.228337223413894    -0.000890558490702    -0.006468630265818
    -0.000890558490954    -0.127609259929922     1.395469258906494
    -0.003977079213967     2.359625125032848    -1.370787042103845
   5  16
     0.306796073502888     0.000890558489880     0.006468630263493
     0.000890558489946     0.307824401869936    -0.003734665425561
     0.003977079213911    -0.002296167767154    -0.339770482435372
   5  17
    -0.457163615735915    -0.000266783144589     0.000508651926575
    -0.000266783144589    -0.457471670372859    -0.000293670324369
    -0.000102388887211     0.000059114251350     1.249725578521633
   5  18
     0.446985825967539     0.000266783144421    -0.000508651925962
     0.000266783144404    -0.204106472285846    -0.625299477858595
     0.000102388887163    -0.118590445008138     0.277214029006579
   5  19
    -0.041564438704690    -0.281797843677635     0.541270906835483
    -0.281797843677644     0.284443792382036     0.313090244417795
     0.102753532466594     0.059206551126774     0.277214029005818
   5  20
    -0.041920963171676     0.281797843677275    -0.541270906836097
     0.281797843677303     0.283471158633748     0.312502903765178
    -0.102753532466552     0.059324779630011     0.277710457700439
   5  21
    -1.600027929039721    -0.000132574548622    -0.000691099493850
    -0.000132574548628    -1.600181012938501     0.000399006476751
    -0.000080468519198     0.000046458521266    -9.772616566456840
   5  22
     0.576620525242660     0.000132574548502     0.000691099493139
     0.000132574548388    -0.115946244509439     0.462667869461249
     0.000080468519304     0.190984856508593    -0.560121178168457
   5  23
     0.057080634999684    -0.299823920938901    -0.400336578720847
    -0.299823920939009     0.403593645728748    -0.231932444447315
    -0.165357503215183    -0.095562116036174    -0.560121178169401
   5  24
     0.056208933090823     0.299823920938493     0.400336578721558
     0.299823920938725     0.402415776014464    -0.231134431490678
     0.165357503215072    -0.095469198993687    -0.559959424078555
   5  25
    -6.436055764533294     2.929958678133563    -2.075386851645639
     2.929958678152575    -3.052830901431607     1.198225157478234
    -2.437864943771618     1.407501981529771    -2.463733608736914
   5  26
    -6.435499844484042    -2.929958678140032     2.075386851642236
    -2.929958678149550    -3.051169386423076     1.198086959389865
     2.437864943770837     1.407446977465578    -2.463210113009902
   5  27
    -1.359833353617726     0.000478736664375     0.000119683053498
     0.000478736654848    -8.126835877274791    -2.396381215909231
     0.000047634916723    -2.814976461033182    -2.463210113008430
   5  28
    -0.101456525466692    -0.000478736668325    -0.000119683050095
    -0.000478736668301    -0.102009322936174     0.000069099041132
    -0.000047634915940     0.000027502037830    -0.188967165059372
   5  29
    -0.066925379333520     0.165260767323375     0.126054348123157
     0.165260767324495     0.123901317658680    -0.072777511820986
    -0.194438654190584     0.112259209336325     0.785707285450606
   5  30
    -0.066310388819284    -0.165260767321748    -0.126054348122862
    -0.165260767322273     0.125894181628445    -0.072729170076140
     0.194438654191292     0.112217011496830     0.784928941905225
   5  31
     0.220963061759992     0.000596636709123    -0.000041865178886
     0.000596636708597    -0.161379268967511     0.145530852770457
     0.000036544401102    -0.224497319753493     0.784928941903168
   5  32
    -0.197494988865134    -0.000596636706177     0.000041865178590
    -0.000596636706252    -0.198183925593395    -0.000024170873332
    -0.000036544401810     0.000021098920349     0.164471917071862
   6   1
     0.249445687363215     0.001238602843665    -0.000676057896206
     0.001238602843665    -0.109199792889472     0.201785869477564
    -0.000676057896206     0.201785869477564    -0.339499518238882
   6   2
    -0.225805087983149    -0.001238602845111     0.000676057895426
    -0.001238602845112    -0.227235303360066    -0.000390322208100
     0.000676057895426    -0.000390322208100    -1.443863802099809
   6   3
    -0.031531976026826     0.154678747000091     0.175089718038107
     0.154678747000091     0.147075656422097    -0.101088095843393
     0.175089718038107    -0.101088095843393    -0.323384402950141
   6   4
    -0.020611084347095    -0.154678747001597    -0.175089718037326
    -0.154678747001597     0.160856978843812    -0.100307451426084
    -0.175089718037326    -0.100307451426084    -0.339499518259751
   6   5
    -5.235496746443634     0.001410117714292    -0.001934537419956
     0.001410117714292     1.409830747584253    -0.788354603584293
    -0.001934537419955    -0.788354603584293     1.485227892230305
   6   6
    21.676723819765950    -0.001410117698919     0.001934537420484
    -0.001410117698919    21.675095556027951    -0.001116905699795
     0.001934537420484    -0.001116905699795    21.346408753471298
   6   7
    -0.265951247068823    -2.878216272020379    -0.681767845183211
    -2.878216272020379    -3.589429125942540     0.393618848942156
    -0.681767845183211     0.393618848942156     1.460328250255772
   6   8
    -0.252722323677199     2.878216272035893     0.681767845182680
     2.878216272035893    -3.572943675200353     0.395852660341929
     0.681767845182680     0.395852660341928     1.485227892263225
   6   9
    -0.152020004523181     0.043171208380430     2.045483841295747
     0.043171208379812    -0.203926478818311     1.176368310879297
     1.211746143543684     0.692132631314544    -1.370787042101177
   6  10
    -0.145893096495191    -0.043171208380069    -2.045483841298930
    -0.043171208378872    -0.195742914055631     1.180960646397245
    -1.211746143543394     0.699601962161051    -1.369935160261475
   6  11
     0.306796073502468     0.000890558489655    -0.003977079215976
     0.000890558489689     0.307824401870361     0.002296167763571
    -0.006468630263420     0.003734665425675    -0.339770482435369
   6  12
    -0.228337223414386    -0.000890558489043     0.003977079219160
    -0.000890558489657    -0.127609259930080    -2.359625125040116
     0.006468630263137    -1.395469258901272    -1.370787042107457
   6  13
    -0.152020004524705     0.043171208381134    -1.211746143537818
     0.043171208380873    -0.203926478817433    -0.692132631314263
    -2.045483841304633    -1.176368310878448    -1.370787042104780
   6  14
    -0.145893096497941    -0.043171208381283     1.211746143540142
    -0.043171208380836    -0.195742914052876    -0.699601962166673
     2.045483841304697    -1.180960646387252    -1.369935160261478
   6  15
     0.306796073502888     0.000890558489880     0.006468630263493
     0.000890558489946     0.307824401869936    -0.003734665425561
     0.003977079213911    -0.002296167767154    -0.339770482435372
   6  16
    -0.228337223413894    -0.000890558490702    -0.006468630265818
    -0.000890558490954    -0.127609259929922     1.395469258906494
    -0.003977079213967     2.359625125032848    -1.370787042103845
   6  17
     0.446985825967539     0.000266783144421    -0.000508651925962
     0.000266783144404    -0.204106472285846    -0.625299477858595
     0.000102388887163    -0.118590445008138     0.277214029006579
   6  18
    -0.457163615735915    -0.000266783144589     0.000508651926575
    -0.000266783144589    -0.457471670372859    -0.000293670324369
    -0.000102388887211     0.000059114251350     1.249725578521633
   6  19
    -0.041920963171676     0.281797843677275    -0.541270906836097
     0.281797843677303     0.283471158633748     0.312502903765178
    -0.102753532466552     0.059324779630011     0.277710457700439
   6  20
    -0.041564438704690    -0.281797843677635     0.541270906835483
    -0.281797843677644     0.284443792382036     0.313090244417795
     0.102753532466594     0.059206551126774     0.277214029005818
   6  21
     0.576620525242660     0.000132574548502     0.000691099493139
     0.000132574548388    -0.115946244509439     0.462667869461249
     0.000080468519304     0.190984856508593    -0.560121178168457
   6  22
    -1.600027929039721    -0.000132574548622    -0.000691099493850
    -0.000132574548628    -1.600181012938501     0.000399006476751
    -0.000080468519198     0.000046458521266    -9.772616566456840
   6  23
     0.056208933090823     0.299823920938493     0.400336578721558
     0.299823920938725     0.402415776014464    -0.231134431490678
     0.165357503215072    -0.095469198993687    -0.559959424078555
   6  24
     0.057080634999684    -0.299823920938901    -0.400336578720847
    -0.299823920939009     0.403593645728748    -0.231932444447315
    -0.165357503215183    -0.095562116036174    -0.560121178169401
   6  25
    -6.435499844484042    -2.929958678140032     2.075386851642236
    -2.929958678149550    -3.051169386423076     1.198086959389865
     2.437864943770837     1.407446977465578    -2.463210113009902
   6  26
    -6.436055764533294     2.929958678133563    -2.075386851645639
     2.929958678152575    -3.052830901431607     1.198225157478234
    -2.437864943771618     1.407501981529771    -2.463733608736914
   6  27
    -0.101456525466692    -0.000478736668325    -0.000119683050095
    -0.000478736668301    -0.102009322936174     0.000069099041132
    -0.000047634915940     0.000027502037830    -0.188967165059372
   6  28
    -1.359833353617726     0.000478736664375     0.000119683053498
     0.000478736654848    -8.126835877274791    -2.396381215909231
     0.000047634916723    -2.814976461033182    -2.463210113008430
   6  29
    -0.066310388819284    -0.165260767321748    -0.126054348122862
    -0.165260767322273     0.125894181628445    -0.072729170076140
     0.194438654191292     0.112217011496830     0.784928941905225
   6  30
    -0.066925379333520     0.165260767323375     0.126054348123157
     0.165260767324495     0.123901317658680    -0.072777511820986
    -0.194438654190584     0.112259209336325     0.785707285450606
   6  31
    -0.197494988865134    -0.000596636706177     0.000041865178590
