  32
   1   1
    21.673388293745390    -0.002616033628995     0.001891191832351
    -0.002616033628995    21.670367558233885    -0.001091880112947
     0.001891191832351    -0.001091880112947    21.345168039116786
   1   2
    -5.232134061725412     0.002616033644367    -0.001891191831821
     0.002616033644367     1.414568448255140    -0.788379564447015
    -0.001891191831821    -0.788379564447015     1.482677233953708
   1   3
    -0.249372730824583     2.879414629373830     0.681811134718087
     2.879414629373830    -3.568192882663826     0.395827602393034
     0.681811134718087     0.395827602393034     1.482677233986655
   1   4
    -0.269312112144338    -2.879414629358316    -0.681811134718618
    -2.879414629358316    -3.594173734881148     0.393643842166923
    -0.681811134718618     0.393643842166923     1.459072298699178
   1   5
    -0.222469478145605    -0.000032638906247     0.000719408435842
    -0.000032638906247    -0.222507166313235    -0.000415350654136
     0.000719408435842    -0.000415350654136    -1.442621888940758
   1   6
     0.246082918943259     0.000032638904799    -0.000719408436623
     0.000032638904799    -0.113937409908084     0.201810821851816
    -0.000719408436623     0.201810821851816    -0.336948860267874
   1   7
    -0.023960593809070    -0.155877055877511    -0.175133002697648
    -0.155877055877510     0.156106102867232    -0.100282384944145
    -0.175133002697648    -0.100282384944145    -0.336948860288781
   1   8
    -0.028171194427114     0.155877055876002     0.175133002698428
     0.155877055876001     0.151820125925780    -0.101113086253535
     0.175133002698428    -0.101113086253535    -0.322129649939756
   1   9
    -0.145893031481173    -0.043171170939812     1.209886221125045
    -0.043171170939357    -0.195742805802543    -0.698528135459433
     2.043624025114709    -1.179886881009606    -1.369934588724183
   1  10
    -0.152020069580716     0.043171170939662    -1.209886221122720
     0.043171170939394    -0.203926413787041    -0.693202776417813
    -2.043624025114647    -1.177438639998373    -1.370787042086624
   1  11
    -0.228337158479934    -0.000890520882426    -0.004611896213044
    -0.000890520882688    -0.127609324889503     1.394393591397411
    -0.002120238910453     2.358549641526341    -1.370787042085686
   1  12
     0.306796008586082     0.000890520881603     0.004611896210718
     0.000890520881682     0.307824293526714    -0.002662679520160
     0.002120238910409    -0.001224120518362    -0.339771053955447
   1  13
    -0.145893031478515    -0.043171170938644    -2.043624025109159
    -0.043171170937457    -0.195742805805199     1.179886881019221
    -1.209886221128069     0.698528135454184    -1.369934588724173
   1  14
    -0.152020069579097     0.043171170939003     2.043624025105975
     0.043171170938398    -0.203926413788008     1.177438639999612
     1.209886221128366     0.693202776417714    -1.370787042083013
   1  15
    -0.228337158480329    -0.000890520880721     0.002120238915869
    -0.000890520881330    -0.127609324889761    -2.358549641533237
     0.004611896210140    -1.394393591392562    -1.370787042089295
   1  16
     0.306796008585566     0.000890520881332    -0.002120238912686
     0.000890520881358     0.307824293527232     0.001224120514406
    -0.004611896210423     0.002662679520665    -0.339771053955452
   1  17
    -1.599922166762776    -0.000251288230247    -0.000611826818559
    -0.000251288230258    -1.600212329413613     0.000353238376327
    -0.000149275392521     0.000086184188140    -9.772451077281923
   1  18
     0.576515195931142     0.000251288230128     0.000611826817848
     0.000251288230016    -0.115914482071968     0.462713415435182
     0.000149275392618     0.190944982608430    -0.561475879460417
   1  19
     0.056975315435862    -0.299705201629440    -0.400415659028956
    -0.299705201629547     0.403625398418521    -0.231886565283649
    -0.165288567968076    -0.095601767586409    -0.561475879461366
   1  20
     0.056313988970026     0.299705201629033     0.400415659029667
     0.299705201629259     0.402383746643139    -0.231180088527861
     0.165288567967961    -0.095429399210164    -0.559798468689835
   1  21
    -0.457269365982117    -0.000148062516018     0.000429561797692
    -0.000148062516013    -0.457440333845355    -0.000248007617165
    -0.000033595016076     0.000019396091288     1.249561033963519
   1  22
     0.447091143216765     0.000148062515849    -0.000429561797077
     0.000148062515830    -0.204138222654283    -0.625345340032935
     0.000033595016015    -0.118550548553499     0.278568730333405
   1  23
    -0.041459107088436    -0.281916556011397     0.541350169707975
    -0.281916556011413     0.284412027646568     0.313044681444155
     0.102684584187824     0.059246180139547     0.278568730332657
   1  24
    -0.042026031056966     0.281916556011039    -0.541350169708588
     0.281916556011073     0.283503167944142     0.312548666205944
    -0.102684584187777     0.059284972322663     0.277548557728733
   1  25
    -0.067127476944176     0.164838219835185     0.125741203406670
     0.164838219836323     0.123211304235946    -0.072596717634588
    -0.194661392093510     0.112387807124545     0.786251626628207
   1  26
    -0.066113005392421    -0.164838219833555    -0.125741203406374
    -0.164838219834099     0.126582723074414    -0.072909329949522
     0.194661392094218     0.112089099780479     0.785273770788474
   1  27
     0.221162876842135     0.001020588114145     0.000270730206416
     0.001020588113605    -0.160693159176820     0.145349741427549
     0.000258688148374    -0.224626260577650     0.785273770786418
   1  28
    -0.197693038597392    -0.001020588111200    -0.000270730206711
    -0.001020588111252    -0.198871512241233     0.000156306156561
    -0.000258688149081     0.000149353672621     0.165016007222197
   1  29
    -6.435853671230010     2.930381223135270    -2.075073508070493
     2.930381223154268    -3.052140895187395     1.198044248480733
    -2.437642190641626     1.407373374950194    -2.464277016230398
   1  30
    -6.435697223630969    -2.930381223141739     2.075073508067091
    -2.930381223151240    -3.051857932191811     1.198266774828936
     2.437642190640845     1.407574862815722    -2.463554941861047
   1  31
    -1.360033173025316     0.000054782777513    -0.000192713472277
     0.000054782768015    -8.127521982782872    -2.396199760132514
    -0.000174493610280    -2.814847493838891    -2.463554941859577
   1  32
    -0.101258471382276    -0.000054782781466     0.000192713475679
    -0.000054782781461    -0.101321729070384    -0.000111263177154
     0.000174493611063    -0.000100743927015    -0.189512188815778
   2   1
    -5.232134061725411     0.002616033644367    -0.001891191831821
     0.002616033644367     1.414568448255140    -0.788379564447015
    -0.001891191831821    -0.788379564447015     1.482677233953708
   2   2
    21.673388293745386    -0.002616033628995     0.001891191832351
    -0.002616033628995    21.670367558233885    -0.001091880112947
     0.001891191832351    -0.001091880112947    21.345168039116786
   2   3
    -0.269312112144338    -2.879414629358315    -0.681811134718618
    -2.879414629358315    -3.594173734881148     0.393643842166923
    -0.681811134718617     0.393643842166923     1.459072298699178
   2   4
    -0.249372730824583     2.879414629373829     0.681811134718087
     2.879414629373829    -3.568192882663826     0.395827602393034
     0.681811134718087     0.395827602393034     1.482677233986655
   2   5
     0.246082918943259     0.000032638904799    -0.000719408436623
     0.000032638904799    -0.113937409908084     0.201810821851816
    -0.000719408436623     0.201810821851816    -0.336948860267874
   2   6
    -0.222469478145605    -0.000032638906247     0.000719408435842
    -0.000032638906247    -0.222507166313235    -0.000415350654136
     0.000719408435842    -0.000415350654136    -1.442621888940758
   2   7
    -0.028171194427114     0.155877055876002     0.175133002698428
     0.155877055876001     0.151820125925780    -0.101113086253535
     0.175133002698428    -0.101113086253535    -0.322129649939756
   2   8
    -0.023960593809070    -0.155877055877511    -0.175133002697648
    -0.155877055877510     0.156106102867232    -0.100282384944145
    -0.175133002697648    -0.100282384944145    -0.336948860288781
   2   9
    -0.152020069580716     0.043171170939662    -1.209886221122720
     0.043171170939394    -0.203926413787041    -0.693202776417813
    -2.043624025114647    -1.177438639998373    -1.370787042086624
   2  10
    -0.145893031481172    -0.043171170939812     1.209886221125045
    -0.043171170939357    -0.195742805802543    -0.698528135459433
     2.043624025114708    -1.179886881009606    -1.369934588724183
   2  11
     0.306796008586082     0.000890520881603     0.004611896210718
     0.000890520881682     0.307824293526714    -0.002662679520160
     0.002120238910409    -0.001224120518362    -0.339771053955447
   2  12
    -0.228337158479934    -0.000890520882426    -0.004611896213044
    -0.000890520882688    -0.127609324889503     1.394393591397411
    -0.002120238910453     2.358549641526341    -1.370787042085686
   2  13
    -0.152020069579097     0.043171170939003     2.043624025105974
     0.043171170938398    -0.203926413788008     1.177438639999612
     1.209886221128366     0.693202776417714    -1.370787042083013
   2  14
    -0.145893031478515    -0.043171170938644    -2.043624025109159
    -0.043171170937457    -0.195742805805199     1.179886881019221
    -1.209886221128069     0.698528135454184    -1.369934588724173
   2  15
     0.306796008585566     0.000890520881332    -0.002120238912686
     0.000890520881358     0.307824293527232     0.001224120514406
    -0.004611896210423     0.002662679520665    -0.339771053955452
   2  16
    -0.228337158480329    -0.000890520880721     0.002120238915869
    -0.000890520881330    -0.127609324889761    -2.358549641533237
     0.004611896210140    -1.394393591392562    -1.370787042089295
   2  17
     0.576515195931142     0.000251288230128     0.000611826817848
     0.000251288230016    -0.115914482071968     0.462713415435182
     0.000149275392618     0.190944982608430    -0.561475879460417
   2  18
    -1.599922166762776    -0.000251288230247    -0.000611826818559
    -0.000251288230258    -1.600212329413613     0.000353238376327
    -0.000149275392521     0.000086184188140    -9.772451077281923
   2  19
     0.056313988970026     0.299705201629033     0.400415659029667
     0.299705201629259     0.402383746643139    -0.231180088527861
     0.165288567967961    -0.095429399210164    -0.559798468689835
   2  20
     0.056975315435862    -0.299705201629439    -0.400415659028956
    -0.299705201629547     0.403625398418521    -0.231886565283649
    -0.165288567968076    -0.095601767586409    -0.561475879461366
   2  21
     0.447091143216765     0.000148062515849    -0.000429561797077
     0.000148062515830    -0.204138222654283    -0.625345340032935
     0.000033595016015    -0.118550548553499     0.278568730333405
   2  22
    -0.457269365982117    -0.000148062516018     0.000429561797692
    -0.000148062516013    -0.457440333845355    -0.000248007617165
    -0.000033595016076     0.000019396091288     1.249561033963519
   2  23
    -0.042026031056966     0.281916556011039    -0.541350169708588
     0.281916556011073     0.283503167944142     0.312548666205944
    -0.102684584187777     0.059284972322663     0.277548557728733
   2  24
    -0.041459107088436    -0.281916556011397     0.541350169707975
    -0.281916556011413     0.284412027646568     0.313044681444155
     0.102684584187824     0.059246180139547     0.278568730332657
   2  25
    -0.066113005392421    -0.164838219833555    -0.125741203406374
    -0.164838219834099     0.126582723074414    -0.072909329949522
     0.194661392094218     0.112089099780479     0.785273770788474
   2  26
    -0.067127476944176     0.164838219835185     0.125741203406670
     0.164838219836323     0.123211304235946    -0.072596717634588
    -0.194661392093510     0.112387807124545     0.786251626628207
   2  27
    -0.197693038597392    -0.001020588111200    -0.000270730206711
    -0.001020588111252    -0.198871512241233     0.000156306156561
    -0.000258688149081     0.000149353672621     0.165016007222197
   2  28
     0.221162876842135     0.001020588114145     0.000270730206416
     0.001020588113605    -0.160693159176820     0.145349741427549
     0.000258688148374    -0.224626260577650     0.785273770786418
   2  29
    -6.435697223630967    -2.930381223141738     2.075073508067090
    -2.930381223151239    -3.051857932191811     1.198266774828936
     2.437642190640844     1.407574862815722    -2.463554941861047
   2  30
    -6.435853671230008     2.930381223135269    -2.075073508070493
     2.930381223154267    -3.052140895187395     1.198044248480733
    -2.437642190641626     1.407373374950194    -2.464277016230398
   2  31
    -0.101258471382276    -0.000054782781466     0.000192713475679
    -0.000054782781461    -0.101321729070384    -0.000111263177154
     0.000174493611063    -0.000100743927015    -0.189512188815778
   2  32
    -1.360033173025316     0.000054782777513    -0.000192713472277
     0.000054782768015    -8.127521982782872    -2.396199760132514
    -0.000174493610280    -2.814847493838891    -2.463554941859577
   3   1
    -0.249372730824583     2.879414629373829     0.681811134718087
     2.879414629373829    -3.568192882663826     0.395827602393034
     0.681811134718087     0.395827602393034     1.482677233986655
   3   2
    -0.269312112144338    -2.879414629358315    -0.681811134718618
    -2.879414629358315    -3.594173734881148     0.393643842166923
    -0.681811134718617     0.393643842166923     1.459072298699178
   3   3
    21.673388293745386    -0.002616033628995     0.001891191832351
    -0.002616033628995    21.670367558233885    -0.001091880112947
     0.001891191832351    -0.001091880112947    21.345168039116786
   3   4
    -5.232134061725411     0.002616033644367    -0.001891191831821
     0.002616033644367     1.414568448255140    -0.788379564447015
    -0.001891191831821    -0.788379564447015     1.482677233953708
   3   5
    -0.023960593809070    -0.155877055877511    -0.175133002697648
    -0.155877055877510     0.156106102867232    -0.100282384944145
    -0.175133002697648    -0.100282384944145    -0.336948860288781
   3   6
    -0.028171194427114     0.155877055876002     0.175133002698428
     0.155877055876001     0.151820125925780    -0.101113086253535
     0.175133002698428    -0.101113086253535    -0.322129649939756
   3   7
    -0.222469478145605    -0.000032638906247     0.000719408435842
    -0.000032638906247    -0.222507166313235    -0.000415350654136
     0.000719408435842    -0.000415350654136    -1.442621888940758
   3   8
     0.246082918943259     0.000032638904799    -0.000719408436623
     0.000032638904799    -0.113937409908084     0.201810821851816
    -0.000719408436623     0.201810821851816    -0.336948860267874
   3   9
    -0.228337158479934    -0.000890520882426    -0.004611896213044
    -0.000890520882688    -0.127609324889503     1.394393591397411
    -0.002120238910453     2.358549641526341    -1.370787042085686
   3  10
     0.306796008586082     0.000890520881603     0.004611896210718
     0.000890520881682     0.307824293526714    -0.002662679520160
     0.002120238910409    -0.001224120518362    -0.339771053955447
   3  11
    -0.145893031481172    -0.043171170939812     1.209886221125045
    -0.043171170939357    -0.195742805802543    -0.698528135459433
     2.043624025114708    -1.179886881009606    -1.369934588724183
   3  12
    -0.152020069580716     0.043171170939662    -1.209886221122720
     0.043171170939394    -0.203926413787041    -0.693202776417813
    -2.043624025114647    -1.177438639998373    -1.370787042086624
   3  13
    -0.228337158480329    -0.000890520880721     0.002120238915869
    -0.000890520881330    -0.127609324889761    -2.358549641533237
     0.004611896210140    -1.394393591392562    -1.370787042089295
   3  14
     0.306796008585566     0.000890520881332    -0.002120238912686
     0.000890520881358     0.307824293527232     0.001224120514406
    -0.004611896210423     0.002662679520665    -0.339771053955452
   3  15
    -0.145893031478515    -0.043171170938644    -2.043624025109159
    -0.043171170937457    -0.195742805805199     1.179886881019221
    -1.209886221128069     0.698528135454184    -1.369934588724173
   3  16
    -0.152020069579097     0.043171170939003     2.043624025105974
     0.043171170938398    -0.203926413788008     1.177438639999612
     1.209886221128366     0.693202776417714    -1.370787042083013
   3  17
     0.056975315435862    -0.299705201629439    -0.400415659028956
    -0.299705201629547     0.403625398418521    -0.231886565283649
    -0.165288567968076    -0.095601767586409    -0.561475879461366
   3  18
     0.056313988970026     0.299705201629033     0.400415659029667
     0.299705201629259     0.402383746643139    -0.231180088527861
     0.165288567967961    -0.095429399210164    -0.559798468689835
   3  19
    -1.599922166762776    -0.000251288230247    -0.000611826818559
    -0.000251288230258    -1.600212329413613     0.000353238376327
    -0.000149275392521     0.000086184188140    -9.772451077281923
   3  20
     0.576515195931142     0.000251288230128     0.000611826817848
     0.000251288230016    -0.115914482071968     0.462713415435182
     0.000149275392618     0.190944982608430    -0.561475879460417
   3  21
    -0.041459107088436    -0.281916556011397     0.541350169707975
    -0.281916556011413     0.284412027646568     0.313044681444155
     0.102684584187824     0.059246180139547     0.278568730332657
   3  22
    -0.042026031056966     0.281916556011039    -0.541350169708588
     0.281916556011073     0.283503167944142     0.312548666205944
    -0.102684584187777     0.059284972322663     0.277548557728733
   3  23
    -0.457269365982117    -0.000148062516018     0.000429561797692
    -0.000148062516013    -0.457440333845355    -0.000248007617165
    -0.000033595016076     0.000019396091288     1.249561033963519
   3  24
     0.447091143216765     0.000148062515849    -0.000429561797077
     0.000148062515830    -0.204138222654283    -0.625345340032935
     0.000033595016015    -0.118550548553499     0.278568730333405
   3  25
     0.221162876842135     0.001020588114145     0.000270730206416
     0.001020588113605    -0.160693159176820     0.145349741427549
     0.000258688148374    -0.224626260577650     0.785273770786418
   3  26
    -0.197693038597392    -0.001020588111200    -0.000270730206711
    -0.001020588111252    -0.198871512241233     0.000156306156561
    -0.000258688149081     0.000149353672621     0.165016007222197
   3  27
    -0.067127476944176     0.164838219835185     0.125741203406670
     0.164838219836323     0.123211304235946    -0.072596717634588
    -0.194661392093510     0.112387807124545     0.786251626628207
   3  28
    -0.066113005392421    -0.164838219833555    -0.125741203406374
    -0.164838219834099     0.126582723074414    -0.072909329949522
     0.194661392094218     0.112089099780479     0.785273770788474
   3  29
    -1.360033173025316     0.000054782777513    -0.000192713472277
     0.000054782768015    -8.127521982782872    -2.396199760132514
    -0.000174493610280    -2.814847493838891    -2.463554941859577
   3  30
    -0.101258471382276    -0.000054782781466     0.000192713475679
    -0.000054782781461    -0.101321729070384    -0.000111263177154
     0.000174493611063    -0.000100743927015    -0.189512188815778
   3  31
    -6.435853671230008     2.930381223135269    -2.075073508070493
     2.930381223154267    -3.052140895187395     1.198044248480733
    -2.437642190641626     1.407373374950194    -2.464277016230398
   3  32
    -6.435697223630967    -2.930381223141738     2.075073508067090
    -2.930381223151239    -3.051857932191811     1.198266774828936
     2.437642190640844     1.407574862815722    -2.463554941861047
   4   1
    -0.269312112144338    -2.879414629358315    -0.681811134718618
    -2.879414629358315    -3.594173734881148     0.393643842166923
    -0.681811134718617     0.393643842166923     1.459072298699178
   4   2
    -0.249372730824583     2.879414629373829     0.681811134718087
     2.879414629373829    -3.568192882663826     0.395827602393034
     0.681811134718087     0.395827602393034     1.482677233986655
   4   3
    -5.232134061725411     0.002616033644367    -0.001891191831821
     0.002616033644367     1.414568448255140    -0.788379564447015
    -0.001891191831821    -0.788379564447015     1.482677233953708
   4   4
    21.673388293745386    -0.002616033628995     0.001891191832351
    -0.002616033628995    21.670367558233885    -0.001091880112947
     0.001891191832351    -0.001091880112947    21.345168039116786
   4   5
    -0.028171194427114     0.155877055876002     0.175133002698428
     0.155877055876001     0.151820125925780    -0.101113086253535
     0.175133002698428    -0.101113086253535    -0.322129649939756
   4   6
    -0.023960593809070    -0.155877055877511    -0.175133002697648
    -0.155877055877510     0.156106102867232    -0.100282384944145
    -0.175133002697648    -0.100282384944145    -0.336948860288781
   4   7
     0.246082918943259     0.000032638904799    -0.000719408436623
     0.000032638904799    -0.113937409908084     0.201810821851816
    -0.000719408436623     0.201810821851816    -0.336948860267874
   4   8
    -0.222469478145605    -0.000032638906247     0.000719408435842
    -0.000032638906247    -0.222507166313235    -0.000415350654136
     0.000719408435842    -0.000415350654136    -1.442621888940758
   4   9
     0.306796008586082     0.000890520881603     0.004611896210718
     0.000890520881682     0.307824293526714    -0.002662679520160
     0.002120238910409    -0.001224120518362    -0.339771053955447
   4  10
    -0.228337158479934    -0.000890520882426    -0.004611896213044
    -0.000890520882688    -0.127609324889503     1.394393591397411
    -0.002120238910453     2.358549641526341    -1.370787042085686
   4  11
    -0.152020069580716     0.043171170939662    -1.209886221122720
     0.043171170939394    -0.203926413787041    -0.693202776417813
    -2.043624025114647    -1.177438639998373    -1.370787042086624
   4  12
    -0.145893031481172    -0.043171170939812     1.209886221125045
    -0.043171170939357    -0.195742805802543    -0.698528135459433
     2.043624025114708    -1.179886881009606    -1.369934588724183
   4  13
     0.306796008585566     0.000890520881332    -0.002120238912686
     0.000890520881358     0.307824293527232     0.001224120514406
    -0.004611896210423     0.002662679520665    -0.339771053955452
   4  14
    -0.228337158480329    -0.000890520880721     0.002120238915869
    -0.000890520881330    -0.127609324889761    -2.358549641533237
     0.004611896210140    -1.394393591392562    -1.370787042089295
   4  15
    -0.152020069579097     0.043171170939003     2.043624025105974
     0.043171170938398    -0.203926413788008     1.177438639999612
     1.209886221128366     0.693202776417714    -1.370787042083013
   4  16
    -0.145893031478515    -0.043171170938644    -2.043624025109159
    -0.043171170937457    -0.195742805805199     1.179886881019221
    -1.209886221128069     0.698528135454184    -1.369934588724173
   4  17
     0.056313988970026     0.299705201629033     0.400415659029667
     0.299705201629259     0.402383746643139    -0.231180088527861
     0.165288567967961    -0.095429399210164    -0.559798468689835
   4  18
     0.056975315435862    -0.299705201629439    -0.400415659028956
    -0.299705201629547     0.403625398418521    -0.231886565283649
    -0.165288567968076    -0.095601767586409    -0.561475879461366
   4  19
     0.576515195931142     0.000251288230128     0.000611826817848
     0.000251288230016    -0.115914482071968     0.462713415435182
     0.000149275392618     0.190944982608430    -0.561475879460417
   4  20
    -1.599922166762776    -0.000251288230247    -0.000611826818559
    -0.000251288230258    -1.600212329413613     0.000353238376327
    -0.000149275392521     0.000086184188140    -9.772451077281923
   4  21
    -0.042026031056966     0.281916556011039    -0.541350169708588
     0.281916556011073     0.283503167944142     0.312548666205944
    -0.102684584187777     0.059284972322663     0.277548557728733
   4  22
    -0.041459107088436    -0.281916556011397     0.541350169707975
    -0.281916556011413     0.284412027646568     0.313044681444155
     0.102684584187824     0.059246180139547     0.278568730332657
   4  23
     0.447091143216765     0.000148062515849    -0.000429561797077
     0.000148062515830    -0.204138222654283    -0.625345340032935
     0.000033595016015    -0.118550548553499     0.278568730333405
   4  24
    -0.457269365982117    -0.000148062516018     0.000429561797692
    -0.000148062516013    -0.457440333845355    -0.000248007617165
    -0.000033595016076     0.000019396091288     1.249561033963519
   4  25
    -0.197693038597392    -0.001020588111200    -0.000270730206711
    -0.001020588111252    -0.198871512241233     0.000156306156561
    -0.000258688149081     0.000149353672621     0.165016007222197
   4  26
     0.221162876842135     0.001020588114145     0.000270730206416
     0.001020588113605    -0.160693159176820     0.145349741427549
     0.000258688148374    -0.224626260577650     0.785273770786418
   4  27
    -0.066113005392421    -0.164838219833555    -0.125741203406374
    -0.164838219834099     0.126582723074414    -0.072909329949522
     0.194661392094218     0.112089099780479     0.785273770788474
   4  28
    -0.067127476944176     0.164838219835185     0.125741203406670
     0.164838219836323     0.123211304235946    -0.072596717634588
    -0.194661392093510     0.112387807124545     0.786251626628207
   4  29
    -0.101258471382276    -0.000054782781466     0.000192713475679
    -0.000054782781461    -0.101321729070384    -0.000111263177154
     0.000174493611063    -0.000100743927015    -0.189512188815778
   4  30
    -1.360033173025316     0.000054782777513    -0.000192713472277
     0.000054782768015    -8.127521982782872    -2.396199760132514
    -0.000174493610280    -2.814847493838891    -2.463554941859577
   4  31
    -6.435697223630967    -2.930381223141738     2.075073508067090
    -2.930381223151239    -3.051857932191811     1.198266774828936
     2.437642190640844     1.407574862815722    -2.463554941861047
   4  32
    -6.435853671230008     2.930381223135269    -2.075073508070493
     2.930381223154267    -3.052140895187395     1.198044248480733
    -2.437642190641626     1.407373374950194    -2.464277016230398
   5   1
    -0.222469478145605    -0.000032638906247     0.000719408435842
    -0.000032638906247    -0.222507166313235    -0.000415350654136
     0.000719408435842    -0.000415350654136    -1.442621888940758
   5   2
     0.246082918943259     0.000032638904799    -0.000719408436623
     0.000032638904799    -0.113937409908084     0.201810821851816
    -0.000719408436623     0.201810821851816    -0.336948860267874
   5   3
    -0.023960593809070    -0.155877055877511    -0.175133002697648
    -0.155877055877510     0.156106102867232    -0.100282384944145
    -0.175133002697648    -0.100282384944145    -0.336948860288781
   5   4
    -0.028171194427114     0.155877055876002     0.175133002698428
     0.155877055876001     0.151820125925780    -0.101113086253535
     0.175133002698428    -0.101113086253535    -0.322129649939756
   5   5
    21.673388293745386    -0.002616033628995     0.001891191832351
    -0.002616033628995    21.670367558233885    -0.001091880112947
     0.001891191832351    -0.001091880112947    21.345168039116786
   5   6
    -5.232134061725411     0.002616033644367    -0.001891191831821
     0.002616033644367     1.414568448255140    -0.788379564447015
    -0.001891191831821    -0.788379564447015     1.482677233953708
   5   7
    -0.249372730824583     2.879414629373829     0.681811134718087
     2.879414629373829    -3.568192882663826     0.395827602393034
     0.681811134718087     0.395827602393034     1.482677233986655
   5   8
    -0.269312112144338    -2.879414629358315    -0.681811134718618
    -2.879414629358315    -3.594173734881148     0.393643842166923
    -0.681811134718617     0.393643842166923     1.459072298699178
   5   9
    -0.145893031478515    -0.043171170938644    -2.043624025109159
    -0.043171170937457    -0.195742805805199     1.179886881019221
    -1.209886221128069     0.698528135454184    -1.369934588724173
   5  10
    -0.152020069579097     0.043171170939003     2.043624025105974
     0.043171170938398    -0.203926413788008     1.177438639999612
     1.209886221128366     0.693202776417714    -1.370787042083013
   5  11
    -0.228337158480329    -0.000890520880721     0.002120238915869
    -0.000890520881330    -0.127609324889761    -2.358549641533237
     0.004611896210140    -1.394393591392562    -1.370787042089295
   5  12
     0.306796008585566     0.000890520881332    -0.002120238912686
     0.000890520881358     0.307824293527232     0.001224120514406
    -0.004611896210423     0.002662679520665    -0.339771053955452
   5  13
    -0.145893031481172    -0.043171170939812     1.209886221125045
    -0.043171170939357    -0.195742805802543    -0.698528135459433
     2.043624025114708    -1.179886881009606    -1.369934588724183
   5  14
    -0.152020069580716     0.043171170939662    -1.209886221122720
     0.043171170939394    -0.203926413787041    -0.693202776417813
    -2.043624025114647    -1.177438639998373    -1.370787042086624
   5  15
    -0.228337158479934    -0.000890520882426    -0.004611896213044
    -0.000890520882688    -0.127609324889503     1.394393591397411
    -0.002120238910453     2.358549641526341    -1.370787042085686
   5  16
     0.306796008586082     0.000890520881603     0.004611896210718
     0.000890520881682     0.307824293526714    -0.002662679520160
     0.002120238910409    -0.001224120518362    -0.339771053955447
   5  17
    -0.457269365982117    -0.000148062516018     0.000429561797692
    -0.000148062516013    -0.457440333845355    -0.000248007617165
    -0.000033595016076     0.000019396091288     1.249561033963519
   5  18
     0.447091143216765     0.000148062515849    -0.000429561797077
     0.000148062515830    -0.204138222654283    -0.625345340032935
     0.000033595016015    -0.118550548553499     0.278568730333405
   5  19
    -0.041459107088436    -0.281916556011397     0.541350169707975
    -0.281916556011413     0.284412027646568     0.313044681444155
     0.102684584187824     0.059246180139547     0.278568730332657
   5  20
    -0.042026031056966     0.281916556011039    -0.541350169708588
     0.281916556011073     0.283503167944142     0.312548666205944
    -0.102684584187777     0.059284972322663     0.277548557728733
   5  21
    -1.599922166762776    -0.000251288230247    -0.000611826818559
    -0.000251288230258    -1.600212329413613     0.000353238376327
    -0.000149275392521     0.000086184188140    -9.772451077281923
   5  22
     0.576515195931142     0.000251288230128     0.000611826817848
     0.000251288230016    -0.115914482071968     0.462713415435182
     0.000149275392618     0.190944982608430    -0.561475879460417
   5  23
     0.056975315435862    -0.299705201629439    -0.400415659028956
    -0.299705201629547     0.403625398418521    -0.231886565283649
    -0.165288567968076    -0.095601767586409    -0.561475879461366
   5  24
     0.056313988970026     0.299705201629033     0.400415659029667
     0.299705201629259     0.402383746643139    -0.231180088527861
     0.165288567967961    -0.095429399210164    -0.559798468689835
   5  25
    -6.435853671230008     2.930381223135269    -2.075073508070493
     2.930381223154267    -3.052140895187395     1.198044248480733
    -2.437642190641626     1.407373374950194    -2.464277016230398
   5  26
    -6.435697223630967    -2.930381223141738     2.075073508067090
    -2.930381223151239    -3.051857932191811     1.198266774828936
     2.437642190640844     1.407574862815722    -2.463554941861047
   5  27
    -1.360033173025316     0.000054782777513    -0.000192713472277
     0.000054782768015    -8.127521982782872    -2.396199760132514
    -0.000174493610280    -2.814847493838891    -2.463554941859577
   5  28
    -0.101258471382276    -0.000054782781466     0.000192713475679
    -0.000054782781461    -0.101321729070384    -0.000111263177154
     0.000174493611063    -0.000100743927015    -0.189512188815778
   5  29
    -0.067127476944176     0.164838219835185     0.125741203406670
     0.164838219836323     0.123211304235946    -0.072596717634588
    -0.194661392093510     0.112387807124545     0.786251626628207
   5  30
    -0.066113005392421    -0.164838219833555    -0.125741203406374
    -0.164838219834099     0.126582723074414    -0.072909329949522
     0.194661392094218     0.112089099780479     0.785273770788474
   5  31
     0.221162876842135     0.001020588114145     0.000270730206416
     0.001020588113605    -0.160693159176820     0.145349741427549
     0.000258688148374    -0.224626260577650     0.785273770786418
   5  32
    -0.197693038597392    -0.001020588111200    -0.000270730206711
    -0.001020588111252    -0.198871512241233     0.000156306156561
    -0.000258688149081     0.000149353672621     0.165016007222197
   6   1
     0.246082918943259     0.000032638904799    -0.000719408436623
     0.000032638904799    -0.113937409908084     0.201810821851816
    -0.000719408436623     0.201810821851816    -0.336948860267874
   6   2
    -0.222469478145605    -0.000032638906247     0.000719408435842
    -0.000032638906247    -0.222507166313235    -0.000415350654136
     0.000719408435842    -0.000415350654136    -1.442621888940758
   6   3
    -0.028171194427114     0.155877055876002     0.175133002698428
     0.155877055876001     0.151820125925780    -0.101113086253535
     0.175133002698428    -0.101113086253535    -0.322129649939756
   6   4
    -0.023960593809070    -0.155877055877511    -0.175133002697648
    -0.155877055877510     0.156106102867232    -0.100282384944145
    -0.175133002697648    -0.100282384944145    -0.336948860288781
   6   5
    -5.232134061725411     0.002616033644367    -0.001891191831821
     0.002616033644367     1.414568448255140    -0.788379564447015
    -0.001891191831821    -0.788379564447015     1.482677233953708
   6   6
    21.673388293745386    -0.002616033628995     0.001891191832351
    -0.002616033628995    21.670367558233885    -0.001091880112947
     0.001891191832351    -0.001091880112947    21.345168039116786
   6   7
    -0.269312112144338    -2.879414629358315    -0.681811134718618
    -2.879414629358315    -3.594173734881148     0.393643842166923
    -0.681811134718617     0.393643842166923     1.459072298699178
   6   8
    -0.249372730824583     2.879414629373829     0.681811134718087
     2.879414629373829    -3.568192882663826     0.395827602393034
     0.681811134718087     0.395827602393034     1.482677233986655
   6   9
    -0.152020069579097     0.043171170939003     2.043624025105974
     0.043171170938398    -0.203926413788008     1.177438639999612
     1.209886221128366     0.693202776417714    -1.370787042083013
   6  10
    -0.145893031478515    -0.043171170938644    -2.043624025109159
    -0.043171170937457    -0.195742805805199     1.179886881019221
    -1.209886221128069     0.698528135454184    -1.369934588724173
   6  11
     0.306796008585566     0.000890520881332    -0.002120238912686
     0.000890520881358     0.307824293527232     0.001224120514406
    -0.004611896210423     0.002662679520665    -0.339771053955452
   6  12
    -0.228337158480329    -0.000890520880721     0.002120238915869
    -0.000890520881330    -0.127609324889761    -2.358549641533237
     0.004611896210140    -1.394393591392562    -1.370787042089295
   6  13
    -0.152020069580716     0.043171170939662    -1.209886221122720
     0.043171170939394    -0.203926413787041    -0.693202776417813
    -2.043624025114647    -1.177438639998373    -1.370787042086624
   6  14
    -0.145893031481172    -0.043171170939812     1.209886221125045
    -0.043171170939357    -0.195742805802543    -0.698528135459433
     2.043624025114708    -1.179886881009606    -1.369934588724183
   6  15
     0.306796008586082     0.000890520881603     0.004611896210718
     0.000890520881682     0.307824293526714    -0.002662679520160
     0.002120238910409    -0.001224120518362    -0.339771053955447
   6  16
    -0.228337158479934    -0.000890520882426    -0.004611896213044
    -0.000890520882688    -0.127609324889503     1.394393591397411
    -0.002120238910453     2.358549641526341    -1.370787042085686
   6  17
     0.447091143216765     0.000148062515849    -0.000429561797077
     0.000148062515830    -0.204138222654283    -0.625345340032935
     0.000033595016015    -0.118550548553499     0.278568730333405
   6  18
    -0.457269365982117    -0.000148062516018     0.000429561797692
    -0.000148062516013    -0.457440333845355    -0.000248007617165
    -0.000033595016076     0.000019396091288     1.249561033963519
   6  19
    -0.042026031056966     0.281916556011039    -0.541350169708588
     0.281916556011073     0.283503167944142     0.312548666205944
    -0.102684584187777     0.059284972322663     0.277548557728733
   6  20
    -0.041459107088436    -0.281916556011397     0.541350169707975
    -0.281916556011413     0.284412027646568     0.313044681444155
     0.102684584187824     0.059246180139547     0.278568730332657
   6  21
     0.576515195931142     0.000251288230128     0.000611826817848
     0.000251288230016    -0.115914482071968     0.462713415435182
     0.000149275392618     0.190944982608430    -0.561475879460417
   6  22
    -1.599922166762776    -0.000251288230247    -0.000611826818559
    -0.000251288230258    -1.600212329413613     0.000353238376327
    -0.000149275392521     0.000086184188140    -9.772451077281923
   6  23
     0.056313988970026     0.299705201629033     0.400415659029667
     0.299705201629259     0.402383746643139    -0.231180088527861
     0.165288567967961    -0.095429399210164    -0.559798468689835
   6  24
     0.056975315435862    -0.299705201629439    -0.400415659028956
    -0.299705201629547     0.403625398418521    -0.231886565283649
    -0.165288567968076    -0.095601767586409    -0.561475879461366
   6  25
    -6.435697223630967    -2.930381223141738     2.075073508067090
    -2.930381223151239    -3.051857932191811     1.198266774828936
     2.437642190640844     1.407574862815722    -2.463554941861047
   6  26
    -6.435853671230008     2.930381223135269    -2.075073508070493
     2.930381223154267    -3.052140895187395     1.198044248480733
    -2.437642190641626     1.407373374950194    -2.464277016230398
   6  27
    -0.101258471382276    -0.000054782781466     0.000192713475679
    -0.000054782781461    -0.101321729070384    -0.000111263177154
     0.000174493611063    -0.000100743927015    -0.189512188815778
   6  28
    -1.360033173025316     0.000054782777513    -0.000192713472277
     0.000054782768015    -8.127521982782872    -2.396199760132514
    -0.000174493610280    -2.814847493838891    -2.463554941859577
   6  29
    -0.066113005392421    -0.164838219833555    -0.125741203406374
    -0.164838219834099     0.126582723074414    -0.072909329949522
     0.194661392094218     0.112089099780479     0.785273770788474
   6  30
    -0.067127476944176     0.164838219835185     0.125741203406670
     0.164838219836323     0.123211304235946    -0.072596717634588
    -0.194661392093510     0.112387807124545     0.786251626628207
   6  31
    -0.197693038597392    -0.001020588111200    -0.000270730206711
