  32
   1   1
    18.691651880043107     0.086976860782574     0.044459180905072
     0.086976860782574    18.792084109454464    -0.025668520064935
     0.044459180905072    -0.025668520064935    18.509081651512830
   1   2
    -4.618153901677054    -0.086976861427100    -0.044459180905181
    -0.086976861427100     1.523759737235568    -0.215703589598722
    -0.044459180905181    -0.215703589598722     1.479093303529738
   1   3
     0.063605497914335     2.616038188233763     0.164575197832088
     2.616038188233763    -3.157999662355708     0.146354574898626
     0.164575197832088     0.146354574898626     1.479093303565509
   1   4
    -3.045173790133783    -2.616038188879338    -0.164575197831996
    -2.616038188879338    -6.065914493720244     0.095017534765016
    -0.164575197831996     0.095017534765016     0.674463080346967
   1   5
    -3.192616540071036    -0.067940926190951     0.076135462030550
    -0.067940926190951    -3.271067962615759    -0.043956829494117
     0.076135462030550    -0.043956829494117    -4.053805782919069
   1   6
     0.779209752891335     0.067940925527069    -0.076135462029336
     0.067940925527069    -0.056641064162963     0.713323820154795
    -0.076135462029336     0.713323820154795    -0.254976714258751
   1   7
     0.093483071500930    -0.327963558561166    -0.655824280392220
    -0.327963558561166     0.629085617268078    -0.290726665831780
    -0.655824280392220    -0.290726665831780    -0.254976714277466
   1   8
    -2.594226972704072     0.327963557901634     0.655824280390989
     0.327963557901634    -2.215527274289324    -0.378640324828909
     0.655824280390989    -0.378640324828909    -1.496696833700672
   1   9
     0.562145216612868    -0.530499045160121     1.257945275100664
    -0.530499045136506    -0.050422316425537    -0.726275043216349
     1.962152468123472    -1.132849255661271    -4.097585422444689
   1  10
    -2.287181594543467     0.530499045160245    -1.257945275096517
     0.530499045135484    -1.339310553837628    -0.272502756417396
    -1.962152468123281    -1.909445315882923    -1.251939436092331
   1  11
    -2.035703963798389     0.675689722964509    -0.392978327891722
     0.675689722939750    -1.590788184586682     1.225663943032370
     0.672551916645293     2.653996541442816    -1.251939436091027
   1  12
     0.671850840583019    -0.675689722965606     0.392978327887566
    -0.675689722939668    -0.108368446292811    -0.226886143398634
    -0.672551916645465     0.388298030101392    -1.439173352271493
   1  13
     0.562145216614513    -0.530499045158425    -1.962152468128373
    -0.530499045136302    -0.050422316427181     1.132849255652771
    -1.257945275109188     0.726275043201562    -4.097585422444679
   1  14
    -2.287181594540839     0.530499045160050     1.962152468125000
     0.530499045135718    -1.339310553839617     1.909445315897383
     1.257945275112494     0.272502756421050    -1.251939436088785
   1  15
    -2.035703963797536     0.675689722966287    -0.672551916633642
     0.675689722941949    -1.590788184588173    -2.653996541434088
     0.392978327886886    -1.225663943016685    -1.251939436094571
   1  16
     0.671850840581206    -0.675689722966972     0.672551916637005
    -0.675689722940395    -0.108368446290996    -0.388298030116076
    -0.392978327890177     0.226886143394087    -1.439173352271498
   1  17
    -0.592385422966844     0.065336934272733     0.264599993127898
     0.065336934270468    -0.516940829685957    -0.152766877256684
     0.079390955809289    -0.045836389705910    -7.433309540689701
   1  18
     1.568207506357731    -0.065336934316189    -0.264599993127277
    -0.065336934313276     0.850018263713557    -0.167017375152137
    -0.079390955810659     0.136919417668926     0.432630025741435
   1  19
     1.086149019220319    -0.343653531631705     0.012341293184281
    -0.343653531628796     1.332076750848914     0.312659003459434
    -0.158271171877998     0.000294875723347     0.432630025739395
   1  20
     1.057303456187299     0.343653531588049    -0.012341293184893
     0.343653531584457     1.454120374223701     0.007125248949399
     0.158271171879347    -0.091377903686376    -1.025105776241357
   1  21
     0.526585703608118     0.067451721190712     0.236920839202164
     0.067451721188254     0.604472242481109    -0.136786310287511
     0.079268940789192    -0.045765944301309     3.256379375406293
   1  22
     1.461332057925958    -0.067451721234246    -0.236920839205707
    -0.067451721231463     0.753762357782895    -1.216338466848962
    -0.079268940789674    -0.151489580239005     1.269258846507182
   1  23
     0.989069686858794    -0.340112528299111     0.934919592290937
    -0.340112528296334     1.226024728848730     0.813348698853225
     0.091559354499827     0.144393706571100     1.269258846505259
   1  24
     0.945968805107894     0.340112528255533    -0.934919592287385
     0.340112528252401     1.338696924689740     0.539776078283257
    -0.091559354499362     0.052861817969201    -0.213567476045572
   1  25
     0.396842600390416    -0.513969005943849     0.346014784968745
    -0.513969005967669    -0.196637689120486    -0.199771729244837
    -0.294839457744651     0.170225640297966     2.845897510048890
   1  26
     1.178958729207014     0.513969006648350    -0.346014784969506
     0.513969006674422     2.201492525846165    -0.693464675415283
     0.294839457740934     0.153042896849056     1.697533939584059
   1  27
     1.500748861378010     0.699754626085503     0.427550633052079
     0.699754626111589     1.879702393658151     0.646389931574039
     0.014880692324556    -0.331859908879581     1.697533939580945
   1  28
     0.402617487361925    -0.699754625380142    -0.427550633051308
    -0.699754625408476    -0.405389556928703     0.246846473086090
    -0.014880692320820     0.008591371732564    -0.319857613243935
   1  29
    -5.942532647327977     2.271691466304048    -1.793866303447000
     2.271691466297631    -3.319409289752019     1.035689193192238
    -2.501443631456169     1.444209153984106    -0.292855718836895
   1  30
    -5.157580914572407    -2.271691465609072     1.793866303442482
    -2.271691465591289    -0.877369102988601     0.552260231152759
     2.501443631456790     1.436469238463330    -1.468850643396707
   1  31
     0.019920464116754     0.717540349093268     0.418661762050433
     0.717540349111066    -6.054870481662722    -1.829663905363583
     0.006702963450613    -2.884548350214730    -1.468850643396286
   1  32
     0.558794611701642    -0.717540348393143    -0.418661762045904
    -0.717540348422304    -0.269749616509748     0.241714481018597
    -0.006702963451215     0.003869957767312    -0.678725097263022
   2   1
    -4.618153901677053    -0.086976861427100    -0.044459180905181
    -0.086976861427100     1.523759737235568    -0.215703589598722
    -0.044459180905181    -0.215703589598722     1.479093303529738
   2   2
    18.691651880043104     0.086976860782574     0.044459180905072
     0.086976860782574    18.792084109454464    -0.025668520064935
     0.044459180905072    -0.025668520064935    18.509081651512830
   2   3
    -3.045173790133783    -2.616038188879338    -0.164575197831996
    -2.616038188879338    -6.065914493720244     0.095017534765016
    -0.164575197831996     0.095017534765016     0.674463080346967
   2   4
     0.063605497914335     2.616038188233763     0.164575197832088
     2.616038188233763    -3.157999662355708     0.146354574898626
     0.164575197832088     0.146354574898626     1.479093303565509
   2   5
     0.779209752891334     0.067940925527069    -0.076135462029336
     0.067940925527069    -0.056641064162963     0.713323820154795
    -0.076135462029336     0.713323820154795    -0.254976714258751
   2   6
    -3.192616540071036    -0.067940926190951     0.076135462030550
    -0.067940926190951    -3.271067962615759    -0.043956829494117
     0.076135462030550    -0.043956829494117    -4.053805782919069
   2   7
    -2.594226972704071     0.327963557901634     0.655824280390989
     0.327963557901634    -2.215527274289324    -0.378640324828909
     0.655824280390989    -0.378640324828909    -1.496696833700672
   2   8
     0.093483071500930    -0.327963558561165    -0.655824280392220
    -0.327963558561165     0.629085617268078    -0.290726665831780
    -0.655824280392220    -0.290726665831780    -0.254976714277466
   2   9
    -2.287181594543466     0.530499045160245    -1.257945275096517
     0.530499045135484    -1.339310553837628    -0.272502756417396
    -1.962152468123280    -1.909445315882923    -1.251939436092331
   2  10
     0.562145216612867    -0.530499045160120     1.257945275100664
    -0.530499045136506    -0.050422316425537    -0.726275043216349
     1.962152468123471    -1.132849255661271    -4.097585422444689
   2  11
     0.671850840583019    -0.675689722965606     0.392978327887566
    -0.675689722939667    -0.108368446292811    -0.226886143398634
    -0.672551916645465     0.388298030101392    -1.439173352271493
   2  12
    -2.035703963798388     0.675689722964509    -0.392978327891722
     0.675689722939750    -1.590788184586682     1.225663943032370
     0.672551916645293     2.653996541442816    -1.251939436091027
   2  13
    -2.287181594540838     0.530499045160049     1.962152468125000
     0.530499045135718    -1.339310553839617     1.909445315897383
     1.257945275112493     0.272502756421050    -1.251939436088785
   2  14
     0.562145216614513    -0.530499045158425    -1.962152468128372
    -0.530499045136301    -0.050422316427181     1.132849255652771
    -1.257945275109188     0.726275043201562    -4.097585422444679
   2  15
     0.671850840581206    -0.675689722966972     0.672551916637005
    -0.675689722940395    -0.108368446290996    -0.388298030116076
    -0.392978327890177     0.226886143394087    -1.439173352271498
   2  16
    -2.035703963797536     0.675689722966287    -0.672551916633642
     0.675689722941949    -1.590788184588173    -2.653996541434088
     0.392978327886886    -1.225663943016685    -1.251939436094571
   2  17
     1.568207506357731    -0.065336934316189    -0.264599993127277
    -0.065336934313276     0.850018263713557    -0.167017375152137
    -0.079390955810659     0.136919417668926     0.432630025741435
   2  18
    -0.592385422966844     0.065336934272733     0.264599993127898
     0.065336934270468    -0.516940829685957    -0.152766877256684
     0.079390955809289    -0.045836389705910    -7.433309540689701
   2  19
     1.057303456187299     0.343653531588049    -0.012341293184893
     0.343653531584457     1.454120374223701     0.007125248949399
     0.158271171879347    -0.091377903686376    -1.025105776241357
   2  20
     1.086149019220319    -0.343653531631704     0.012341293184281
    -0.343653531628796     1.332076750848914     0.312659003459434
    -0.158271171877998     0.000294875723347     0.432630025739395
   2  21
     1.461332057925958    -0.067451721234246    -0.236920839205707
    -0.067451721231463     0.753762357782895    -1.216338466848962
    -0.079268940789674    -0.151489580239005     1.269258846507182
   2  22
     0.526585703608118     0.067451721190712     0.236920839202164
     0.067451721188254     0.604472242481109    -0.136786310287511
     0.079268940789192    -0.045765944301309     3.256379375406293
   2  23
     0.945968805107893     0.340112528255533    -0.934919592287385
     0.340112528252401     1.338696924689740     0.539776078283257
    -0.091559354499362     0.052861817969201    -0.213567476045572
   2  24
     0.989069686858794    -0.340112528299111     0.934919592290937
    -0.340112528296334     1.226024728848730     0.813348698853225
     0.091559354499827     0.144393706571100     1.269258846505259
   2  25
     1.178958729207014     0.513969006648350    -0.346014784969506
     0.513969006674422     2.201492525846165    -0.693464675415283
     0.294839457740934     0.153042896849056     1.697533939584059
   2  26
     0.396842600390416    -0.513969005943849     0.346014784968745
    -0.513969005967669    -0.196637689120486    -0.199771729244837
    -0.294839457744651     0.170225640297966     2.845897510048890
   2  27
     0.402617487361925    -0.699754625380142    -0.427550633051307
    -0.699754625408476    -0.405389556928703     0.246846473086090
    -0.014880692320820     0.008591371732564    -0.319857613243935
   2  28
     1.500748861378009     0.699754626085502     0.427550633052079
     0.699754626111589     1.879702393658151     0.646389931574039
     0.014880692324556    -0.331859908879581     1.697533939580945
   2  29
    -5.157580914572406    -2.271691465609071     1.793866303442482
    -2.271691465591289    -0.877369102988601     0.552260231152759
     2.501443631456790     1.436469238463330    -1.468850643396707
   2  30
    -5.942532647327976     2.271691466304048    -1.793866303447000
     2.271691466297631    -3.319409289752019     1.035689193192238
    -2.501443631456168     1.444209153984106    -0.292855718836895
   2  31
     0.558794611701642    -0.717540348393143    -0.418661762045904
    -0.717540348422304    -0.269749616509748     0.241714481018597
    -0.006702963451215     0.003869957767312    -0.678725097263022
   2  32
     0.019920464116754     0.717540349093268     0.418661762050433
     0.717540349111066    -6.054870481662722    -1.829663905363583
     0.006702963450613    -2.884548350214730    -1.468850643396286
   3   1
     0.063605497914335     2.616038188233763     0.164575197832088
     2.616038188233763    -3.157999662355708     0.146354574898626
     0.164575197832088     0.146354574898626     1.479093303565509
   3   2
    -3.045173790133783    -2.616038188879338    -0.164575197831996
    -2.616038188879338    -6.065914493720244     0.095017534765016
    -0.164575197831996     0.095017534765016     0.674463080346967
   3   3
    18.691651880043104     0.086976860782574     0.044459180905072
     0.086976860782574    18.792084109454464    -0.025668520064935
     0.044459180905072    -0.025668520064935    18.509081651512830
   3   4
    -4.618153901677053    -0.086976861427100    -0.044459180905181
    -0.086976861427100     1.523759737235568    -0.215703589598722
    -0.044459180905181    -0.215703589598722     1.479093303529738
   3   5
     0.093483071500930    -0.327963558561165    -0.655824280392220
    -0.327963558561165     0.629085617268078    -0.290726665831780
    -0.655824280392220    -0.290726665831780    -0.254976714277466
   3   6
    -2.594226972704071     0.327963557901634     0.655824280390989
     0.327963557901634    -2.215527274289324    -0.378640324828909
     0.655824280390989    -0.378640324828909    -1.496696833700672
   3   7
    -3.192616540071036    -0.067940926190951     0.076135462030550
    -0.067940926190951    -3.271067962615759    -0.043956829494117
     0.076135462030550    -0.043956829494117    -4.053805782919069
   3   8
     0.779209752891334     0.067940925527069    -0.076135462029336
     0.067940925527069    -0.056641064162963     0.713323820154795
    -0.076135462029336     0.713323820154795    -0.254976714258751
   3   9
    -2.035703963798388     0.675689722964509    -0.392978327891722
     0.675689722939750    -1.590788184586682     1.225663943032370
     0.672551916645293     2.653996541442816    -1.251939436091027
   3  10
     0.671850840583019    -0.675689722965606     0.392978327887566
    -0.675689722939667    -0.108368446292811    -0.226886143398634
    -0.672551916645465     0.388298030101392    -1.439173352271493
   3  11
     0.562145216612867    -0.530499045160120     1.257945275100664
    -0.530499045136506    -0.050422316425537    -0.726275043216349
     1.962152468123471    -1.132849255661271    -4.097585422444689
   3  12
    -2.287181594543466     0.530499045160245    -1.257945275096517
     0.530499045135484    -1.339310553837628    -0.272502756417396
    -1.962152468123280    -1.909445315882923    -1.251939436092331
   3  13
    -2.035703963797536     0.675689722966287    -0.672551916633642
     0.675689722941949    -1.590788184588173    -2.653996541434088
     0.392978327886886    -1.225663943016685    -1.251939436094571
   3  14
     0.671850840581206    -0.675689722966972     0.672551916637005
    -0.675689722940395    -0.108368446290996    -0.388298030116076
    -0.392978327890177     0.226886143394087    -1.439173352271498
   3  15
     0.562145216614513    -0.530499045158425    -1.962152468128372
    -0.530499045136301    -0.050422316427181     1.132849255652771
    -1.257945275109188     0.726275043201562    -4.097585422444679
   3  16
    -2.287181594540838     0.530499045160049     1.962152468125000
     0.530499045135718    -1.339310553839617     1.909445315897383
     1.257945275112493     0.272502756421050    -1.251939436088785
   3  17
     1.086149019220319    -0.343653531631704     0.012341293184281
    -0.343653531628796     1.332076750848914     0.312659003459434
    -0.158271171877998     0.000294875723347     0.432630025739395
   3  18
     1.057303456187299     0.343653531588049    -0.012341293184893
     0.343653531584457     1.454120374223701     0.007125248949399
     0.158271171879347    -0.091377903686376    -1.025105776241357
   3  19
    -0.592385422966844     0.065336934272733     0.264599993127898
     0.065336934270468    -0.516940829685957    -0.152766877256684
     0.079390955809289    -0.045836389705910    -7.433309540689701
   3  20
     1.568207506357731    -0.065336934316189    -0.264599993127277
    -0.065336934313276     0.850018263713557    -0.167017375152137
    -0.079390955810659     0.136919417668926     0.432630025741435
   3  21
     0.989069686858794    -0.340112528299111     0.934919592290937
    -0.340112528296334     1.226024728848730     0.813348698853225
     0.091559354499827     0.144393706571100     1.269258846505259
   3  22
     0.945968805107893     0.340112528255533    -0.934919592287385
     0.340112528252401     1.338696924689740     0.539776078283257
    -0.091559354499362     0.052861817969201    -0.213567476045572
   3  23
     0.526585703608118     0.067451721190712     0.236920839202164
     0.067451721188254     0.604472242481109    -0.136786310287511
     0.079268940789192    -0.045765944301309     3.256379375406293
   3  24
     1.461332057925958    -0.067451721234246    -0.236920839205707
    -0.067451721231463     0.753762357782895    -1.216338466848962
    -0.079268940789674    -0.151489580239005     1.269258846507182
   3  25
     1.500748861378009     0.699754626085502     0.427550633052079
     0.699754626111589     1.879702393658151     0.646389931574039
     0.014880692324556    -0.331859908879581     1.697533939580945
   3  26
     0.402617487361925    -0.699754625380142    -0.427550633051307
    -0.699754625408476    -0.405389556928703     0.246846473086090
    -0.014880692320820     0.008591371732564    -0.319857613243935
   3  27
     0.396842600390416    -0.513969005943849     0.346014784968745
    -0.513969005967669    -0.196637689120486    -0.199771729244837
    -0.294839457744651     0.170225640297966     2.845897510048890
   3  28
     1.178958729207014     0.513969006648350    -0.346014784969506
     0.513969006674422     2.201492525846165    -0.693464675415283
     0.294839457740934     0.153042896849056     1.697533939584059
   3  29
     0.019920464116754     0.717540349093268     0.418661762050433
     0.717540349111066    -6.054870481662722    -1.829663905363583
     0.006702963450613    -2.884548350214730    -1.468850643396286
   3  30
     0.558794611701642    -0.717540348393143    -0.418661762045904
    -0.717540348422304    -0.269749616509748     0.241714481018597
    -0.006702963451215     0.003869957767312    -0.678725097263022
   3  31
    -5.942532647327976     2.271691466304048    -1.793866303447000
     2.271691466297631    -3.319409289752019     1.035689193192238
    -2.501443631456168     1.444209153984106    -0.292855718836895
   3  32
    -5.157580914572406    -2.271691465609071     1.793866303442482
    -2.271691465591289    -0.877369102988601     0.552260231152759
     2.501443631456790     1.436469238463330    -1.468850643396707
   4   1
    -3.045173790133783    -2.616038188879338    -0.164575197831996
    -2.616038188879338    -6.065914493720244     0.095017534765016
    -0.164575197831996     0.095017534765016     0.674463080346967
   4   2
     0.063605497914335     2.616038188233763     0.164575197832088
     2.616038188233763    -3.157999662355708     0.146354574898626
     0.164575197832088     0.146354574898626     1.479093303565509
   4   3
    -4.618153901677053    -0.086976861427100    -0.044459180905181
    -0.086976861427100     1.523759737235568    -0.215703589598722
    -0.044459180905181    -0.215703589598722     1.479093303529738
   4   4
    18.691651880043104     0.086976860782574     0.044459180905072
     0.086976860782574    18.792084109454464    -0.025668520064935
     0.044459180905072    -0.025668520064935    18.509081651512830
   4   5
    -2.594226972704071     0.327963557901634     0.655824280390989
     0.327963557901634    -2.215527274289324    -0.378640324828909
     0.655824280390989    -0.378640324828909    -1.496696833700672
   4   6
     0.093483071500930    -0.327963558561165    -0.655824280392220
    -0.327963558561165     0.629085617268078    -0.290726665831780
    -0.655824280392220    -0.290726665831780    -0.254976714277466
   4   7
     0.779209752891334     0.067940925527069    -0.076135462029336
     0.067940925527069    -0.056641064162963     0.713323820154795
    -0.076135462029336     0.713323820154795    -0.254976714258751
   4   8
    -3.192616540071036    -0.067940926190951     0.076135462030550
    -0.067940926190951    -3.271067962615759    -0.043956829494117
     0.076135462030550    -0.043956829494117    -4.053805782919069
   4   9
     0.671850840583019    -0.675689722965606     0.392978327887566
    -0.675689722939667    -0.108368446292811    -0.226886143398634
    -0.672551916645465     0.388298030101392    -1.439173352271493
   4  10
    -2.035703963798388     0.675689722964509    -0.392978327891722
     0.675689722939750    -1.590788184586682     1.225663943032370
     0.672551916645293     2.653996541442816    -1.251939436091027
   4  11
    -2.287181594543466     0.530499045160245    -1.257945275096517
     0.530499045135484    -1.339310553837628    -0.272502756417396
    -1.962152468123280    -1.909445315882923    -1.251939436092331
   4  12
     0.562145216612867    -0.530499045160120     1.257945275100664
    -0.530499045136506    -0.050422316425537    -0.726275043216349
     1.962152468123471    -1.132849255661271    -4.097585422444689
   4  13
     0.671850840581206    -0.675689722966972     0.672551916637005
    -0.675689722940395    -0.108368446290996    -0.388298030116076
    -0.392978327890177     0.226886143394087    -1.439173352271498
   4  14
    -2.035703963797536     0.675689722966287    -0.672551916633642
     0.675689722941949    -1.590788184588173    -2.653996541434088
     0.392978327886886    -1.225663943016685    -1.251939436094571
   4  15
    -2.287181594540838     0.530499045160049     1.962152468125000
     0.530499045135718    -1.339310553839617     1.909445315897383
     1.257945275112493     0.272502756421050    -1.251939436088785
   4  16
     0.562145216614513    -0.530499045158425    -1.962152468128372
    -0.530499045136301    -0.050422316427181     1.132849255652771
    -1.257945275109188     0.726275043201562    -4.097585422444679
   4  17
     1.057303456187299     0.343653531588049    -0.012341293184893
     0.343653531584457     1.454120374223701     0.007125248949399
     0.158271171879347    -0.091377903686376    -1.025105776241357
   4  18
     1.086149019220319    -0.343653531631704     0.012341293184281
    -0.343653531628796     1.332076750848914     0.312659003459434
    -0.158271171877998     0.000294875723347     0.432630025739395
   4  19
     1.568207506357731    -0.065336934316189    -0.264599993127277
    -0.065336934313276     0.850018263713557    -0.167017375152137
    -0.079390955810659     0.136919417668926     0.432630025741435
   4  20
    -0.592385422966844     0.065336934272733     0.264599993127898
     0.065336934270468    -0.516940829685957    -0.152766877256684
     0.079390955809289    -0.045836389705910    -7.433309540689701
   4  21
     0.945968805107893     0.340112528255533    -0.934919592287385
     0.340112528252401     1.338696924689740     0.539776078283257
    -0.091559354499362     0.052861817969201    -0.213567476045572
   4  22
     0.989069686858794    -0.340112528299111     0.934919592290937
    -0.340112528296334     1.226024728848730     0.813348698853225
     0.091559354499827     0.144393706571100     1.269258846505259
   4  23
     1.461332057925958    -0.067451721234246    -0.236920839205707
    -0.067451721231463     0.753762357782895    -1.216338466848962
    -0.079268940789674    -0.151489580239005     1.269258846507182
   4  24
     0.526585703608118     0.067451721190712     0.236920839202164
     0.067451721188254     0.604472242481109    -0.136786310287511
     0.079268940789192    -0.045765944301309     3.256379375406293
   4  25
     0.402617487361925    -0.699754625380142    -0.427550633051307
    -0.699754625408476    -0.405389556928703     0.246846473086090
    -0.014880692320820     0.008591371732564    -0.319857613243935
   4  26
     1.500748861378009     0.699754626085502     0.427550633052079
     0.699754626111589     1.879702393658151     0.646389931574039
     0.014880692324556    -0.331859908879581     1.697533939580945
   4  27
     1.178958729207014     0.513969006648350    -0.346014784969506
     0.513969006674422     2.201492525846165    -0.693464675415283
     0.294839457740934     0.153042896849056     1.697533939584059
   4  28
     0.396842600390416    -0.513969005943849     0.346014784968745
    -0.513969005967669    -0.196637689120486    -0.199771729244837
    -0.294839457744651     0.170225640297966     2.845897510048890
   4  29
     0.558794611701642    -0.717540348393143    -0.418661762045904
    -0.717540348422304    -0.269749616509748     0.241714481018597
    -0.006702963451215     0.003869957767312    -0.678725097263022
   4  30
     0.019920464116754     0.717540349093268     0.418661762050433
     0.717540349111066    -6.054870481662722    -1.829663905363583
     0.006702963450613    -2.884548350214730    -1.468850643396286
   4  31
    -5.157580914572406    -2.271691465609071     1.793866303442482
    -2.271691465591289    -0.877369102988601     0.552260231152759
     2.501443631456790     1.436469238463330    -1.468850643396707
   4  32
    -5.942532647327976     2.271691466304048    -1.793866303447000
     2.271691466297631    -3.319409289752019     1.035689193192238
    -2.501443631456168     1.444209153984106    -0.292855718836895
   5   1
    -3.192616540071036    -0.067940926190951     0.076135462030550
    -0.067940926190951    -3.271067962615759    -0.043956829494117
     0.076135462030550    -0.043956829494117    -4.053805782919069
   5   2
     0.779209752891334     0.067940925527069    -0.076135462029336
     0.067940925527069    -0.056641064162963     0.713323820154795
    -0.076135462029336     0.713323820154795    -0.254976714258751
   5   3
     0.093483071500930    -0.327963558561165    -0.655824280392220
    -0.327963558561165     0.629085617268078    -0.290726665831780
    -0.655824280392220    -0.290726665831780    -0.254976714277466
   5   4
    -2.594226972704071     0.327963557901634     0.655824280390989
     0.327963557901634    -2.215527274289324    -0.378640324828909
     0.655824280390989    -0.378640324828909    -1.496696833700672
   5   5
    18.691651880043104     0.086976860782574     0.044459180905072
     0.086976860782574    18.792084109454464    -0.025668520064935
     0.044459180905072    -0.025668520064935    18.509081651512830
   5   6
    -4.618153901677053    -0.086976861427100    -0.044459180905181
    -0.086976861427100     1.523759737235568    -0.215703589598722
    -0.044459180905181    -0.215703589598722     1.479093303529738
   5   7
     0.063605497914335     2.616038188233763     0.164575197832088
     2.616038188233763    -3.157999662355708     0.146354574898626
     0.164575197832088     0.146354574898626     1.479093303565509
   5   8
    -3.045173790133783    -2.616038188879338    -0.164575197831996
    -2.616038188879338    -6.065914493720244     0.095017534765016
    -0.164575197831996     0.095017534765016     0.674463080346967
   5   9
     0.562145216614513    -0.530499045158425    -1.962152468128372
    -0.530499045136301    -0.050422316427181     1.132849255652771
    -1.257945275109188     0.726275043201562    -4.097585422444679
   5  10
    -2.287181594540838     0.530499045160049     1.962152468125000
     0.530499045135718    -1.339310553839617     1.909445315897383
     1.257945275112493     0.272502756421050    -1.251939436088785
   5  11
    -2.035703963797536     0.675689722966287    -0.672551916633642
     0.675689722941949    -1.590788184588173    -2.653996541434088
     0.392978327886886    -1.225663943016685    -1.251939436094571
   5  12
     0.671850840581206    -0.675689722966972     0.672551916637005
    -0.675689722940395    -0.108368446290996    -0.388298030116076
    -0.392978327890177     0.226886143394087    -1.439173352271498
   5  13
     0.562145216612867    -0.530499045160120     1.257945275100664
    -0.530499045136506    -0.050422316425537    -0.726275043216349
     1.962152468123471    -1.132849255661271    -4.097585422444689
   5  14
    -2.287181594543466     0.530499045160245    -1.257945275096517
     0.530499045135484    -1.339310553837628    -0.272502756417396
    -1.962152468123280    -1.909445315882923    -1.251939436092331
   5  15
    -2.035703963798388     0.675689722964509    -0.392978327891722
     0.675689722939750    -1.590788184586682     1.225663943032370
     0.672551916645293     2.653996541442816    -1.251939436091027
   5  16
     0.671850840583019    -0.675689722965606     0.392978327887566
    -0.675689722939667    -0.108368446292811    -0.226886143398634
    -0.672551916645465     0.388298030101392    -1.439173352271493
   5  17
     0.526585703608118     0.067451721190712     0.236920839202164
     0.067451721188254     0.604472242481109    -0.136786310287511
     0.079268940789192    -0.045765944301309     3.256379375406293
   5  18
     1.461332057925958    -0.067451721234246    -0.236920839205707
    -0.067451721231463     0.753762357782895    -1.216338466848962
    -0.079268940789674    -0.151489580239005     1.269258846507182
   5  19
     0.989069686858794    -0.340112528299111     0.934919592290937
    -0.340112528296334     1.226024728848730     0.813348698853225
     0.091559354499827     0.144393706571100     1.269258846505259
   5  20
     0.945968805107893     0.340112528255533    -0.934919592287385
     0.340112528252401     1.338696924689740     0.539776078283257
    -0.091559354499362     0.052861817969201    -0.213567476045572
   5  21
    -0.592385422966844     0.065336934272733     0.264599993127898
     0.065336934270468    -0.516940829685957    -0.152766877256684
     0.079390955809289    -0.045836389705910    -7.433309540689701
   5  22
     1.568207506357731    -0.065336934316189    -0.264599993127277
    -0.065336934313276     0.850018263713557    -0.167017375152137
    -0.079390955810659     0.136919417668926     0.432630025741435
   5  23
     1.086149019220319    -0.343653531631704     0.012341293184281
    -0.343653531628796     1.332076750848914     0.312659003459434
    -0.158271171877998     0.000294875723347     0.432630025739395
   5  24
     1.057303456187299     0.343653531588049    -0.012341293184893
     0.343653531584457     1.454120374223701     0.007125248949399
     0.158271171879347    -0.091377903686376    -1.025105776241357
   5  25
    -5.942532647327976     2.271691466304048    -1.793866303447000
     2.271691466297631    -3.319409289752019     1.035689193192238
    -2.501443631456168     1.444209153984106    -0.292855718836895
   5  26
    -5.157580914572406    -2.271691465609071     1.793866303442482
    -2.271691465591289    -0.877369102988601     0.552260231152759
     2.501443631456790     1.436469238463330    -1.468850643396707
   5  27
     0.019920464116754     0.717540349093268     0.418661762050433
     0.717540349111066    -6.054870481662722    -1.829663905363583
     0.006702963450613    -2.884548350214730    -1.468850643396286
   5  28
     0.558794611701642    -0.717540348393143    -0.418661762045904
    -0.717540348422304    -0.269749616509748     0.241714481018597
    -0.006702963451215     0.003869957767312    -0.678725097263022
   5  29
     0.396842600390416    -0.513969005943849     0.346014784968745
    -0.513969005967669    -0.196637689120486    -0.199771729244837
    -0.294839457744651     0.170225640297966     2.845897510048890
   5  30
     1.178958729207014     0.513969006648350    -0.346014784969506
     0.513969006674422     2.201492525846165    -0.693464675415283
     0.294839457740934     0.153042896849056     1.697533939584059
   5  31
     1.500748861378009     0.699754626085502     0.427550633052079
     0.699754626111589     1.879702393658151     0.646389931574039
     0.014880692324556    -0.331859908879581     1.697533939580945
   5  32
     0.402617487361925    -0.699754625380142    -0.427550633051307
    -0.699754625408476    -0.405389556928703     0.246846473086090
    -0.014880692320820     0.008591371732564    -0.319857613243935
   6   1
     0.779209752891334     0.067940925527069    -0.076135462029336
     0.067940925527069    -0.056641064162963     0.713323820154795
    -0.076135462029336     0.713323820154795    -0.254976714258751
   6   2
    -3.192616540071036    -0.067940926190951     0.076135462030550
    -0.067940926190951    -3.271067962615759    -0.043956829494117
     0.076135462030550    -0.043956829494117    -4.053805782919069
   6   3
    -2.594226972704071     0.327963557901634     0.655824280390989
     0.327963557901634    -2.215527274289324    -0.378640324828909
     0.655824280390989    -0.378640324828909    -1.496696833700672
   6   4
     0.093483071500930    -0.327963558561165    -0.655824280392220
    -0.327963558561165     0.629085617268078    -0.290726665831780
    -0.655824280392220    -0.290726665831780    -0.254976714277466
   6   5
    -4.618153901677053    -0.086976861427100    -0.044459180905181
    -0.086976861427100     1.523759737235568    -0.215703589598722
    -0.044459180905181    -0.215703589598722     1.479093303529738
   6   6
    18.691651880043104     0.086976860782574     0.044459180905072
     0.086976860782574    18.792084109454464    -0.025668520064935
     0.044459180905072    -0.025668520064935    18.509081651512830
   6   7
    -3.045173790133783    -2.616038188879338    -0.164575197831996
    -2.616038188879338    -6.065914493720244     0.095017534765016
    -0.164575197831996     0.095017534765016     0.674463080346967
   6   8
     0.063605497914335     2.616038188233763     0.164575197832088
     2.616038188233763    -3.157999662355708     0.146354574898626
     0.164575197832088     0.146354574898626     1.479093303565509
   6   9
    -2.287181594540838     0.530499045160049     1.962152468125000
     0.530499045135718    -1.339310553839617     1.909445315897383
     1.257945275112493     0.272502756421050    -1.251939436088785
   6  10
     0.562145216614513    -0.530499045158425    -1.962152468128372
    -0.530499045136301    -0.050422316427181     1.132849255652771
    -1.257945275109188     0.726275043201562    -4.097585422444679
   6  11
     0.671850840581206    -0.675689722966972     0.672551916637005
    -0.675689722940395    -0.108368446290996    -0.388298030116076
    -0.392978327890177     0.226886143394087    -1.439173352271498
   6  12
    -2.035703963797536     0.675689722966287    -0.672551916633642
     0.675689722941949    -1.590788184588173    -2.653996541434088
     0.392978327886886    -1.225663943016685    -1.251939436094571
   6  13
    -2.287181594543466     0.530499045160245    -1.257945275096517
     0.530499045135484    -1.339310553837628    -0.272502756417396
    -1.962152468123280    -1.909445315882923    -1.251939436092331
   6  14
     0.562145216612867    -0.530499045160120     1.257945275100664
    -0.530499045136506    -0.050422316425537    -0.726275043216349
     1.962152468123471    -1.132849255661271    -4.097585422444689
   6  15
     0.671850840583019    -0.675689722965606     0.392978327887566
    -0.675689722939667    -0.108368446292811    -0.226886143398634
    -0.672551916645465     0.388298030101392    -1.439173352271493
   6  16
    -2.035703963798388     0.675689722964509    -0.392978327891722
     0.675689722939750    -1.590788184586682     1.225663943032370
     0.672551916645293     2.653996541442816    -1.251939436091027
   6  17
     1.461332057925958    -0.067451721234246    -0.236920839205707
    -0.067451721231463     0.753762357782895    -1.216338466848962
    -0.079268940789674    -0.151489580239005     1.269258846507182
   6  18
     0.526585703608118     0.067451721190712     0.236920839202164
     0.067451721188254     0.604472242481109    -0.136786310287511
     0.079268940789192    -0.045765944301309     3.256379375406293
   6  19
     0.945968805107893     0.340112528255533    -0.934919592287385
     0.340112528252401     1.338696924689740     0.539776078283257
    -0.091559354499362     0.052861817969201    -0.213567476045572
   6  20
     0.989069686858794    -0.340112528299111     0.934919592290937
    -0.340112528296334     1.226024728848730     0.813348698853225
     0.091559354499827     0.144393706571100     1.269258846505259
   6  21
     1.568207506357731    -0.065336934316189    -0.264599993127277
    -0.065336934313276     0.850018263713557    -0.167017375152137
    -0.079390955810659     0.136919417668926     0.432630025741435
   6  22
    -0.592385422966844     0.065336934272733     0.264599993127898
     0.065336934270468    -0.516940829685957    -0.152766877256684
     0.079390955809289    -0.045836389705910    -7.433309540689701
   6  23
     1.057303456187299     0.343653531588049    -0.012341293184893
     0.343653531584457     1.454120374223701     0.007125248949399
     0.158271171879347    -0.091377903686376    -1.025105776241357
   6  24
     1.086149019220319    -0.343653531631704     0.012341293184281
    -0.343653531628796     1.332076750848914     0.312659003459434
    -0.158271171877998     0.000294875723347     0.432630025739395
   6  25
    -5.157580914572406    -2.271691465609071     1.793866303442482
    -2.271691465591289    -0.877369102988601     0.552260231152759
     2.501443631456790     1.436469238463330    -1.468850643396707
   6  26
    -5.942532647327976     2.271691466304048    -1.793866303447000
     2.271691466297631    -3.319409289752019     1.035689193192238
    -2.501443631456168     1.444209153984106    -0.292855718836895
   6  27
     0.558794611701642    -0.717540348393143    -0.418661762045904
    -0.717540348422304    -0.269749616509748     0.241714481018597
    -0.006702963451215     0.003869957767312    -0.678725097263022
   6  28
     0.019920464116754     0.717540349093268     0.418661762050433
     0.717540349111066    -6.054870481662722    -1.829663905363583
     0.006702963450613    -2.884548350214730    -1.468850643396286
   6  29
     1.178958729207014     0.513969006648350    -0.346014784969506
     0.513969006674422     2.201492525846165    -0.693464675415283
     0.294839457740934     0.153042896849056     1.697533939584059
   6  30
     0.396842600390416    -0.513969005943849     0.346014784968745
    -0.513969005967669    -0.196637689120486    -0.199771729244837
    -0.294839457744651     0.170225640297966     2.845897510048890
   6  31
     0.402617487361925    -0.699754625380142    -0.427550633051307
