  32
   1   1
    18.765935579541569     0.149614045714175     0.288383495725182
     0.149614045714175    18.938694997092899    -0.166498288890076
     0.288383495725182    -0.166498288890076    19.203443930580249
   1   2
    -4.548552364014502    -0.149614045049217    -0.288383495725229
    -0.149614045049217     1.849215571896785    -0.625609458406182
    -0.288383495725229    -0.625609458406183     1.570073438400954
   1   3
     0.379343152829544     2.695507758162490     0.397601935969749
     2.695507758162489    -3.078679944948159     0.562552162539248
     0.397601935969749     0.562552162539248     1.570073438432324
   1   4
    -2.762098892486023    -2.695507757499802    -0.397601935969694
    -2.695507757499801    -5.874603152769579     0.229555584757023
    -0.397601935969694     0.229555584757023    -0.087945713731864
   1   5
    -2.877976816828385     0.080113409949290     0.291006261943594
     0.080113409949291    -2.785469820742267    -0.168012543665368
     0.291006261943594    -0.168012543665368    -3.164354359118751
   1   6
     0.703709535105093    -0.080113409302930    -0.291006261943558
    -0.080113409302931     0.352454590293058     0.315358795020403
    -0.291006261943558     0.315358795020403    -0.452119412224988
   1   7
     0.509648575269192    -0.192154556703760    -0.418611858764966
    -0.192154556703760     0.546515550168604     0.094339417990480
    -0.418611858764966     0.094339417990480    -0.452119412247028
   1   8
    -2.521267631688579     0.192154557351730     0.418611858764942
     0.192154557351730    -2.299386662345312    -0.241685669345511
     0.418611858764942    -0.241685669345511    -2.265100127045131
   1   9
     2.146938662573206    -0.591576352192693     1.496016236500810
    -0.591576352166996     1.463845130221196    -0.863725376869311
     1.730818144613296    -0.999288321708330    -3.327350089353108
   1  10
    -0.457599860875253     0.591576352192331    -1.496016236497399
     0.591576352167019     0.284750643632559    -0.568570505264523
    -1.730818144614828    -1.405735264152591    -1.198966470752390
   1  11
    -0.413157131761905     0.617235373807338    -0.255611616847752
     0.617235373782034     0.240307914517558     1.579873317934006
     0.351993377461611     2.201800114647763    -1.198966470751595
   1  12
     2.548188896656100    -0.617235373807924     0.255611616844347
    -0.617235373783016     1.835466878224141    -0.147577435800157
    -0.351993377460067     0.203223471213167    -2.235692860665784
   1  13
     2.146938662574624    -0.591576352190872    -1.730818144617591
    -0.591576352167180     1.463845130219775     0.999288321700851
    -1.496016236510842     0.863725376851906    -3.327350089353105
   1  14
    -0.457599860872436     0.591576352191376     1.730818144613398
     0.591576352167540     0.284750643630418     1.405735264166146
     1.496016236512626     0.568570505271613    -1.198966470748863
   1  15
    -0.413157131761195     0.617235373808855    -0.351993377449186
     0.617235373785022     0.240307914516169    -2.201800114642195
     0.255611616846246    -1.579873317917248    -1.198966470755130
   1  16
     2.548188896654466    -0.617235373808396     0.351993377453385
    -0.617235373784428     1.835466878225779    -0.203223471224788
    -0.255611616848018     0.147577435793743    -2.235692860665780
   1  17
    -2.424385396462785     0.054351000613418    -0.078999765510523
     0.054351000610271    -2.361626266891869     0.045610535890614
     0.038236879754174    -0.022076072817234    -8.723963998670136
   1  18
    -0.250900551435405    -0.054351000570366     0.078999765511662
    -0.054351000567317    -1.000331003434383     0.411054701982892
    -0.038236879754488     0.208855770330602     0.433315111738816
   1  19
    -0.765904043148820    -0.351688405145667    -0.316483931515173
    -0.351688405142611    -0.485327511725295    -0.273943154827191
    -0.199992842711734    -0.071313775939704     0.433315111738193
   1  20
    -0.782940171588911     0.351688405188315     0.316483931514028
     0.351688405185367    -0.376845380881232    -0.182722083046322
     0.199992842712039    -0.115465921573678     0.325840033071497
   1  21
    -1.307418816718476     0.062685623988239    -0.089687742781579
     0.062685623985364    -1.235035693049219     0.051781242440673
     0.044740142382625    -0.025830733245566     1.908699579539450
   1  22
    -0.364087178032786    -0.062685623945335     0.089687742780521
    -0.062685623942696    -1.094820721112687    -0.636565877848123
    -0.044740142382188    -0.085749540207938     1.239793912965111
   1  23
    -0.857849992482974    -0.347759717784511     0.596126092790548
    -0.347759717781865    -0.601057906666359     0.240611075263736
     0.051891208988902     0.081620869972575     1.239793912964553
   1  24
    -0.890925440056162     0.347759717827306    -0.596126092789496
     0.347759717824905    -0.489367106758994     0.344173560143706
    -0.051891208989347     0.029959403480915     1.056479286978720
   1  25
     0.430961963777928    -0.550892247548200     0.007997497000328
    -0.550892247575358    -0.205153609461535    -0.004617357043677
    -0.262538346050825     0.151576584773962     1.526988685632048
   1  26
     1.150478098638931     0.550892246854458    -0.007997496999962
     0.550892246881134     2.103791699048776    -0.113630357032312
     0.262538346049375     0.095362653895619     1.687727566242412
   1  27
     1.388376617206571     0.688243020595944     0.094408027330599
     0.688243020622619     1.865893180463711     0.063741214083064
     0.048682692170338    -0.275046204111253     1.687727566240589
   1  28
     0.209715573855085    -0.688243021290773    -0.094408027330974
    -0.688243021316968    -0.584999011762776     0.054506499992904
    -0.048682692168899     0.028106965441670     0.982160203716709
   1  29
    -5.868914718303738     2.232898416334291    -2.123475841345451
     2.232898416326489    -3.290585713184498     1.225989348627325
    -2.452677905446068     1.416054248945453    -1.595096717558825
   1  30
    -5.148898493691615    -2.232898417037674     2.123475841341997
    -2.232898417020503    -1.061039891016388     1.131544310970867
     2.452677905447198     1.359187551019044    -1.430108774376252
   1  31
    -0.149257789661673     0.653645489272597     0.081791801869145
     0.653645489289761    -6.060680595032601    -2.404756178423126
     0.049248005023727    -2.803675148931385    -1.430108774374605
   1  32
     0.343127153120837    -0.653645489972544    -0.081791801865699
    -0.653645489999083    -0.411637644441899     0.047222518824915
    -0.049248005024865     0.028433348966873     0.657437294151719
   2   1
    -4.548552364014501    -0.149614045049217    -0.288383495725229
    -0.149614045049217     1.849215571896785    -0.625609458406182
    -0.288383495725229    -0.625609458406183     1.570073438400954
   2   2
    18.765935579541566     0.149614045714176     0.288383495725182
     0.149614045714176    18.938694997092899    -0.166498288890076
     0.288383495725182    -0.166498288890076    19.203443930580249
   2   3
    -2.762098892486022    -2.695507757499801    -0.397601935969694
    -2.695507757499801    -5.874603152769579     0.229555584757023
    -0.397601935969694     0.229555584757023    -0.087945713731864
   2   4
     0.379343152829544     2.695507758162489     0.397601935969749
     2.695507758162489    -3.078679944948159     0.562552162539248
     0.397601935969749     0.562552162539248     1.570073438432324
   2   5
     0.703709535105093    -0.080113409302930    -0.291006261943558
    -0.080113409302931     0.352454590293058     0.315358795020403
    -0.291006261943558     0.315358795020403    -0.452119412224988
   2   6
    -2.877976816828384     0.080113409949290     0.291006261943594
     0.080113409949291    -2.785469820742267    -0.168012543665368
     0.291006261943594    -0.168012543665368    -3.164354359118751
   2   7
    -2.521267631688579     0.192154557351730     0.418611858764942
     0.192154557351730    -2.299386662345312    -0.241685669345511
     0.418611858764942    -0.241685669345511    -2.265100127045131
   2   8
     0.509648575269192    -0.192154556703760    -0.418611858764966
    -0.192154556703760     0.546515550168604     0.094339417990480
    -0.418611858764966     0.094339417990480    -0.452119412247028
   2   9
    -0.457599860875253     0.591576352192331    -1.496016236497399
     0.591576352167019     0.284750643632559    -0.568570505264523
    -1.730818144614828    -1.405735264152591    -1.198966470752390
   2  10
     2.146938662573205    -0.591576352192693     1.496016236500810
    -0.591576352166996     1.463845130221196    -0.863725376869311
     1.730818144613295    -0.999288321708330    -3.327350089353108
   2  11
     2.548188896656100    -0.617235373807924     0.255611616844347
    -0.617235373783016     1.835466878224141    -0.147577435800157
    -0.351993377460067     0.203223471213167    -2.235692860665784
   2  12
    -0.413157131761905     0.617235373807338    -0.255611616847752
     0.617235373782034     0.240307914517558     1.579873317934006
     0.351993377461611     2.201800114647763    -1.198966470751595
   2  13
    -0.457599860872436     0.591576352191376     1.730818144613398
     0.591576352167540     0.284750643630418     1.405735264166146
     1.496016236512626     0.568570505271613    -1.198966470748863
   2  14
     2.146938662574623    -0.591576352190871    -1.730818144617591
    -0.591576352167180     1.463845130219775     0.999288321700850
    -1.496016236510842     0.863725376851906    -3.327350089353105
   2  15
     2.548188896654465    -0.617235373808396     0.351993377453385
    -0.617235373784427     1.835466878225779    -0.203223471224788
    -0.255611616848018     0.147577435793743    -2.235692860665780
   2  16
    -0.413157131761195     0.617235373808854    -0.351993377449186
     0.617235373785022     0.240307914516169    -2.201800114642195
     0.255611616846246    -1.579873317917248    -1.198966470755130
   2  17
    -0.250900551435405    -0.054351000570366     0.078999765511662
    -0.054351000567317    -1.000331003434383     0.411054701982892
    -0.038236879754488     0.208855770330602     0.433315111738816
   2  18
    -2.424385396462785     0.054351000613417    -0.078999765510523
     0.054351000610271    -2.361626266891869     0.045610535890614
     0.038236879754174    -0.022076072817234    -8.723963998670136
   2  19
    -0.782940171588910     0.351688405188315     0.316483931514028
     0.351688405185367    -0.376845380881232    -0.182722083046322
     0.199992842712039    -0.115465921573678     0.325840033071497
   2  20
    -0.765904043148820    -0.351688405145667    -0.316483931515173
    -0.351688405142611    -0.485327511725295    -0.273943154827191
    -0.199992842711734    -0.071313775939704     0.433315111738193
   2  21
    -0.364087178032786    -0.062685623945335     0.089687742780521
    -0.062685623942696    -1.094820721112687    -0.636565877848123
    -0.044740142382188    -0.085749540207938     1.239793912965111
   2  22
    -1.307418816718476     0.062685623988239    -0.089687742781579
     0.062685623985364    -1.235035693049219     0.051781242440673
     0.044740142382625    -0.025830733245566     1.908699579539450
   2  23
    -0.890925440056161     0.347759717827306    -0.596126092789496
     0.347759717824905    -0.489367106758994     0.344173560143706
    -0.051891208989347     0.029959403480915     1.056479286978720
   2  24
    -0.857849992482973    -0.347759717784511     0.596126092790548
    -0.347759717781865    -0.601057906666359     0.240611075263737
     0.051891208988902     0.081620869972575     1.239793912964553
   2  25
     1.150478098638931     0.550892246854458    -0.007997496999962
     0.550892246881134     2.103791699048776    -0.113630357032312
     0.262538346049375     0.095362653895619     1.687727566242412
   2  26
     0.430961963777928    -0.550892247548199     0.007997497000328
    -0.550892247575358    -0.205153609461535    -0.004617357043677
    -0.262538346050825     0.151576584773962     1.526988685632048
   2  27
     0.209715573855085    -0.688243021290773    -0.094408027330974
    -0.688243021316968    -0.584999011762776     0.054506499992904
    -0.048682692168899     0.028106965441670     0.982160203716709
   2  28
     1.388376617206571     0.688243020595943     0.094408027330599
     0.688243020622619     1.865893180463711     0.063741214083064
     0.048682692170338    -0.275046204111253     1.687727566240589
   2  29
    -5.148898493691614    -2.232898417037674     2.123475841341997
    -2.232898417020502    -1.061039891016389     1.131544310970867
     2.452677905447197     1.359187551019044    -1.430108774376252
   2  30
    -5.868914718303738     2.232898416334290    -2.123475841345451
     2.232898416326488    -3.290585713184498     1.225989348627325
    -2.452677905446068     1.416054248945453    -1.595096717558825
   2  31
     0.343127153120837    -0.653645489972544    -0.081791801865699
    -0.653645489999083    -0.411637644441899     0.047222518824915
    -0.049248005024865     0.028433348966873     0.657437294151719
   2  32
    -0.149257789661673     0.653645489272597     0.081791801869145
     0.653645489289761    -6.060680595032601    -2.404756178423126
     0.049248005023727    -2.803675148931385    -1.430108774374605
   3   1
     0.379343152829544     2.695507758162489     0.397601935969749
     2.695507758162489    -3.078679944948159     0.562552162539248
     0.397601935969749     0.562552162539248     1.570073438432324
   3   2
    -2.762098892486022    -2.695507757499801    -0.397601935969694
    -2.695507757499801    -5.874603152769579     0.229555584757023
    -0.397601935969694     0.229555584757023    -0.087945713731864
   3   3
    18.765935579541566     0.149614045714176     0.288383495725182
     0.149614045714176    18.938694997092899    -0.166498288890076
     0.288383495725182    -0.166498288890076    19.203443930580249
   3   4
    -4.548552364014501    -0.149614045049217    -0.288383495725229
    -0.149614045049217     1.849215571896785    -0.625609458406182
    -0.288383495725229    -0.625609458406183     1.570073438400954
   3   5
     0.509648575269192    -0.192154556703760    -0.418611858764966
    -0.192154556703760     0.546515550168604     0.094339417990480
    -0.418611858764966     0.094339417990480    -0.452119412247028
   3   6
    -2.521267631688579     0.192154557351730     0.418611858764942
     0.192154557351730    -2.299386662345312    -0.241685669345511
     0.418611858764942    -0.241685669345511    -2.265100127045131
   3   7
    -2.877976816828384     0.080113409949290     0.291006261943594
     0.080113409949291    -2.785469820742267    -0.168012543665368
     0.291006261943594    -0.168012543665368    -3.164354359118751
   3   8
     0.703709535105093    -0.080113409302930    -0.291006261943558
    -0.080113409302931     0.352454590293058     0.315358795020403
    -0.291006261943558     0.315358795020403    -0.452119412224988
   3   9
    -0.413157131761905     0.617235373807338    -0.255611616847752
     0.617235373782034     0.240307914517558     1.579873317934006
     0.351993377461611     2.201800114647763    -1.198966470751595
   3  10
     2.548188896656100    -0.617235373807924     0.255611616844347
    -0.617235373783016     1.835466878224141    -0.147577435800157
    -0.351993377460067     0.203223471213167    -2.235692860665784
   3  11
     2.146938662573205    -0.591576352192693     1.496016236500810
    -0.591576352166996     1.463845130221196    -0.863725376869311
     1.730818144613295    -0.999288321708330    -3.327350089353108
   3  12
    -0.457599860875253     0.591576352192331    -1.496016236497399
     0.591576352167019     0.284750643632559    -0.568570505264523
    -1.730818144614828    -1.405735264152591    -1.198966470752390
   3  13
    -0.413157131761195     0.617235373808854    -0.351993377449186
     0.617235373785022     0.240307914516169    -2.201800114642195
     0.255611616846246    -1.579873317917248    -1.198966470755130
   3  14
     2.548188896654465    -0.617235373808396     0.351993377453385
    -0.617235373784427     1.835466878225779    -0.203223471224788
    -0.255611616848018     0.147577435793743    -2.235692860665780
   3  15
     2.146938662574623    -0.591576352190871    -1.730818144617591
    -0.591576352167180     1.463845130219775     0.999288321700850
    -1.496016236510842     0.863725376851906    -3.327350089353105
   3  16
    -0.457599860872436     0.591576352191376     1.730818144613398
     0.591576352167540     0.284750643630418     1.405735264166146
     1.496016236512626     0.568570505271613    -1.198966470748863
   3  17
    -0.765904043148820    -0.351688405145667    -0.316483931515173
    -0.351688405142611    -0.485327511725295    -0.273943154827191
    -0.199992842711734    -0.071313775939704     0.433315111738193
   3  18
    -0.782940171588910     0.351688405188315     0.316483931514028
     0.351688405185367    -0.376845380881232    -0.182722083046322
     0.199992842712039    -0.115465921573678     0.325840033071497
   3  19
    -2.424385396462785     0.054351000613417    -0.078999765510523
     0.054351000610271    -2.361626266891869     0.045610535890614
     0.038236879754174    -0.022076072817234    -8.723963998670136
   3  20
    -0.250900551435405    -0.054351000570366     0.078999765511662
    -0.054351000567317    -1.000331003434383     0.411054701982892
    -0.038236879754488     0.208855770330602     0.433315111738816
   3  21
    -0.857849992482973    -0.347759717784511     0.596126092790548
    -0.347759717781865    -0.601057906666359     0.240611075263737
     0.051891208988902     0.081620869972575     1.239793912964553
   3  22
    -0.890925440056161     0.347759717827306    -0.596126092789496
     0.347759717824905    -0.489367106758994     0.344173560143706
    -0.051891208989347     0.029959403480915     1.056479286978720
   3  23
    -1.307418816718476     0.062685623988239    -0.089687742781579
     0.062685623985364    -1.235035693049219     0.051781242440673
     0.044740142382625    -0.025830733245566     1.908699579539450
   3  24
    -0.364087178032786    -0.062685623945335     0.089687742780521
    -0.062685623942696    -1.094820721112687    -0.636565877848123
    -0.044740142382188    -0.085749540207938     1.239793912965111
   3  25
     1.388376617206571     0.688243020595943     0.094408027330599
     0.688243020622619     1.865893180463711     0.063741214083064
     0.048682692170338    -0.275046204111253     1.687727566240589
   3  26
     0.209715573855085    -0.688243021290773    -0.094408027330974
    -0.688243021316968    -0.584999011762776     0.054506499992904
    -0.048682692168899     0.028106965441670     0.982160203716709
   3  27
     0.430961963777928    -0.550892247548199     0.007997497000328
    -0.550892247575358    -0.205153609461535    -0.004617357043677
    -0.262538346050825     0.151576584773962     1.526988685632048
   3  28
     1.150478098638931     0.550892246854458    -0.007997496999962
     0.550892246881134     2.103791699048776    -0.113630357032312
     0.262538346049375     0.095362653895619     1.687727566242412
   3  29
    -0.149257789661673     0.653645489272597     0.081791801869145
     0.653645489289761    -6.060680595032601    -2.404756178423126
     0.049248005023727    -2.803675148931385    -1.430108774374605
   3  30
     0.343127153120837    -0.653645489972544    -0.081791801865699
    -0.653645489999083    -0.411637644441899     0.047222518824915
    -0.049248005024865     0.028433348966873     0.657437294151719
   3  31
    -5.868914718303738     2.232898416334290    -2.123475841345451
     2.232898416326488    -3.290585713184498     1.225989348627325
    -2.452677905446068     1.416054248945453    -1.595096717558825
   3  32
    -5.148898493691614    -2.232898417037674     2.123475841341997
    -2.232898417020502    -1.061039891016389     1.131544310970867
     2.452677905447197     1.359187551019044    -1.430108774376252
   4   1
    -2.762098892486022    -2.695507757499801    -0.397601935969694
    -2.695507757499801    -5.874603152769579     0.229555584757023
    -0.397601935969694     0.229555584757023    -0.087945713731864
   4   2
     0.379343152829544     2.695507758162489     0.397601935969749
     2.695507758162489    -3.078679944948159     0.562552162539248
     0.397601935969749     0.562552162539248     1.570073438432324
   4   3
    -4.548552364014501    -0.149614045049217    -0.288383495725229
    -0.149614045049217     1.849215571896785    -0.625609458406182
    -0.288383495725229    -0.625609458406183     1.570073438400954
   4   4
    18.765935579541566     0.149614045714176     0.288383495725182
     0.149614045714176    18.938694997092899    -0.166498288890076
     0.288383495725182    -0.166498288890076    19.203443930580249
   4   5
    -2.521267631688579     0.192154557351730     0.418611858764942
     0.192154557351730    -2.299386662345312    -0.241685669345511
     0.418611858764942    -0.241685669345511    -2.265100127045131
   4   6
     0.509648575269192    -0.192154556703760    -0.418611858764966
    -0.192154556703760     0.546515550168604     0.094339417990480
    -0.418611858764966     0.094339417990480    -0.452119412247028
   4   7
     0.703709535105093    -0.080113409302930    -0.291006261943558
    -0.080113409302931     0.352454590293058     0.315358795020403
    -0.291006261943558     0.315358795020403    -0.452119412224988
   4   8
    -2.877976816828384     0.080113409949290     0.291006261943594
     0.080113409949291    -2.785469820742267    -0.168012543665368
     0.291006261943594    -0.168012543665368    -3.164354359118751
   4   9
     2.548188896656100    -0.617235373807924     0.255611616844347
    -0.617235373783016     1.835466878224141    -0.147577435800157
    -0.351993377460067     0.203223471213167    -2.235692860665784
   4  10
    -0.413157131761905     0.617235373807338    -0.255611616847752
     0.617235373782034     0.240307914517558     1.579873317934006
     0.351993377461611     2.201800114647763    -1.198966470751595
   4  11
    -0.457599860875253     0.591576352192331    -1.496016236497399
     0.591576352167019     0.284750643632559    -0.568570505264523
    -1.730818144614828    -1.405735264152591    -1.198966470752390
   4  12
     2.146938662573205    -0.591576352192693     1.496016236500810
    -0.591576352166996     1.463845130221196    -0.863725376869311
     1.730818144613295    -0.999288321708330    -3.327350089353108
   4  13
     2.548188896654465    -0.617235373808396     0.351993377453385
    -0.617235373784427     1.835466878225779    -0.203223471224788
    -0.255611616848018     0.147577435793743    -2.235692860665780
   4  14
    -0.413157131761195     0.617235373808854    -0.351993377449186
     0.617235373785022     0.240307914516169    -2.201800114642195
     0.255611616846246    -1.579873317917248    -1.198966470755130
   4  15
    -0.457599860872436     0.591576352191376     1.730818144613398
     0.591576352167540     0.284750643630418     1.405735264166146
     1.496016236512626     0.568570505271613    -1.198966470748863
   4  16
     2.146938662574623    -0.591576352190871    -1.730818144617591
    -0.591576352167180     1.463845130219775     0.999288321700850
    -1.496016236510842     0.863725376851906    -3.327350089353105
   4  17
    -0.782940171588910     0.351688405188315     0.316483931514028
     0.351688405185367    -0.376845380881232    -0.182722083046322
     0.199992842712039    -0.115465921573678     0.325840033071497
   4  18
    -0.765904043148820    -0.351688405145667    -0.316483931515173
    -0.351688405142611    -0.485327511725295    -0.273943154827191
    -0.199992842711734    -0.071313775939704     0.433315111738193
   4  19
    -0.250900551435405    -0.054351000570366     0.078999765511662
    -0.054351000567317    -1.000331003434383     0.411054701982892
    -0.038236879754488     0.208855770330602     0.433315111738816
   4  20
    -2.424385396462785     0.054351000613417    -0.078999765510523
     0.054351000610271    -2.361626266891869     0.045610535890614
     0.038236879754174    -0.022076072817234    -8.723963998670136
   4  21
    -0.890925440056161     0.347759717827306    -0.596126092789496
     0.347759717824905    -0.489367106758994     0.344173560143706
    -0.051891208989347     0.029959403480915     1.056479286978720
   4  22
    -0.857849992482973    -0.347759717784511     0.596126092790548
    -0.347759717781865    -0.601057906666359     0.240611075263737
     0.051891208988902     0.081620869972575     1.239793912964553
   4  23
    -0.364087178032786    -0.062685623945335     0.089687742780521
    -0.062685623942696    -1.094820721112687    -0.636565877848123
    -0.044740142382188    -0.085749540207938     1.239793912965111
   4  24
    -1.307418816718476     0.062685623988239    -0.089687742781579
     0.062685623985364    -1.235035693049219     0.051781242440673
     0.044740142382625    -0.025830733245566     1.908699579539450
   4  25
     0.209715573855085    -0.688243021290773    -0.094408027330974
    -0.688243021316968    -0.584999011762776     0.054506499992904
    -0.048682692168899     0.028106965441670     0.982160203716709
   4  26
     1.388376617206571     0.688243020595943     0.094408027330599
     0.688243020622619     1.865893180463711     0.063741214083064
     0.048682692170338    -0.275046204111253     1.687727566240589
   4  27
     1.150478098638931     0.550892246854458    -0.007997496999962
     0.550892246881134     2.103791699048776    -0.113630357032312
     0.262538346049375     0.095362653895619     1.687727566242412
   4  28
     0.430961963777928    -0.550892247548199     0.007997497000328
    -0.550892247575358    -0.205153609461535    -0.004617357043677
    -0.262538346050825     0.151576584773962     1.526988685632048
   4  29
     0.343127153120837    -0.653645489972544    -0.081791801865699
    -0.653645489999083    -0.411637644441899     0.047222518824915
    -0.049248005024865     0.028433348966873     0.657437294151719
   4  30
    -0.149257789661673     0.653645489272597     0.081791801869145
     0.653645489289761    -6.060680595032601    -2.404756178423126
     0.049248005023727    -2.803675148931385    -1.430108774374605
   4  31
    -5.148898493691614    -2.232898417037674     2.123475841341997
    -2.232898417020502    -1.061039891016389     1.131544310970867
     2.452677905447197     1.359187551019044    -1.430108774376252
   4  32
    -5.868914718303738     2.232898416334290    -2.123475841345451
     2.232898416326488    -3.290585713184498     1.225989348627325
    -2.452677905446068     1.416054248945453    -1.595096717558825
   5   1
    -2.877976816828384     0.080113409949290     0.291006261943594
     0.080113409949291    -2.785469820742267    -0.168012543665368
     0.291006261943594    -0.168012543665368    -3.164354359118751
   5   2
     0.703709535105093    -0.080113409302930    -0.291006261943558
    -0.080113409302931     0.352454590293058     0.315358795020403
    -0.291006261943558     0.315358795020403    -0.452119412224988
   5   3
     0.509648575269192    -0.192154556703760    -0.418611858764966
    -0.192154556703760     0.546515550168604     0.094339417990480
    -0.418611858764966     0.094339417990480    -0.452119412247028
   5   4
    -2.521267631688579     0.192154557351730     0.418611858764942
     0.192154557351730    -2.299386662345312    -0.241685669345511
     0.418611858764942    -0.241685669345511    -2.265100127045131
   5   5
    18.765935579541566     0.149614045714176     0.288383495725182
     0.149614045714176    18.938694997092899    -0.166498288890076
     0.288383495725182    -0.166498288890076    19.203443930580249
   5   6
    -4.548552364014501    -0.149614045049217    -0.288383495725229
    -0.149614045049217     1.849215571896785    -0.625609458406182
    -0.288383495725229    -0.625609458406183     1.570073438400954
   5   7
     0.379343152829544     2.695507758162489     0.397601935969749
     2.695507758162489    -3.078679944948159     0.562552162539248
     0.397601935969749     0.562552162539248     1.570073438432324
   5   8
    -2.762098892486022    -2.695507757499801    -0.397601935969694
    -2.695507757499801    -5.874603152769579     0.229555584757023
    -0.397601935969694     0.229555584757023    -0.087945713731864
   5   9
     2.146938662574623    -0.591576352190871    -1.730818144617591
    -0.591576352167180     1.463845130219775     0.999288321700850
    -1.496016236510842     0.863725376851906    -3.327350089353105
   5  10
    -0.457599860872436     0.591576352191376     1.730818144613398
     0.591576352167540     0.284750643630418     1.405735264166146
     1.496016236512626     0.568570505271613    -1.198966470748863
   5  11
    -0.413157131761195     0.617235373808854    -0.351993377449186
     0.617235373785022     0.240307914516169    -2.201800114642195
     0.255611616846246    -1.579873317917248    -1.198966470755130
   5  12
     2.548188896654465    -0.617235373808396     0.351993377453385
    -0.617235373784427     1.835466878225779    -0.203223471224788
    -0.255611616848018     0.147577435793743    -2.235692860665780
   5  13
     2.146938662573205    -0.591576352192693     1.496016236500810
    -0.591576352166996     1.463845130221196    -0.863725376869311
     1.730818144613295    -0.999288321708330    -3.327350089353108
   5  14
    -0.457599860875253     0.591576352192331    -1.496016236497399
     0.591576352167019     0.284750643632559    -0.568570505264523
    -1.730818144614828    -1.405735264152591    -1.198966470752390
   5  15
    -0.413157131761905     0.617235373807338    -0.255611616847752
     0.617235373782034     0.240307914517558     1.579873317934006
     0.351993377461611     2.201800114647763    -1.198966470751595
   5  16
     2.548188896656100    -0.617235373807924     0.255611616844347
    -0.617235373783016     1.835466878224141    -0.147577435800157
    -0.351993377460067     0.203223471213167    -2.235692860665784
   5  17
    -1.307418816718476     0.062685623988239    -0.089687742781579
     0.062685623985364    -1.235035693049219     0.051781242440673
     0.044740142382625    -0.025830733245566     1.908699579539450
   5  18
    -0.364087178032786    -0.062685623945335     0.089687742780521
    -0.062685623942696    -1.094820721112687    -0.636565877848123
    -0.044740142382188    -0.085749540207938     1.239793912965111
   5  19
    -0.857849992482973    -0.347759717784511     0.596126092790548
    -0.347759717781865    -0.601057906666359     0.240611075263737
     0.051891208988902     0.081620869972575     1.239793912964553
   5  20
    -0.890925440056161     0.347759717827306    -0.596126092789496
     0.347759717824905    -0.489367106758994     0.344173560143706
    -0.051891208989347     0.029959403480915     1.056479286978720
   5  21
    -2.424385396462785     0.054351000613417    -0.078999765510523
     0.054351000610271    -2.361626266891869     0.045610535890614
     0.038236879754174    -0.022076072817234    -8.723963998670136
   5  22
    -0.250900551435405    -0.054351000570366     0.078999765511662
    -0.054351000567317    -1.000331003434383     0.411054701982892
    -0.038236879754488     0.208855770330602     0.433315111738816
   5  23
    -0.765904043148820    -0.351688405145667    -0.316483931515173
    -0.351688405142611    -0.485327511725295    -0.273943154827191
    -0.199992842711734    -0.071313775939704     0.433315111738193
   5  24
    -0.782940171588910     0.351688405188315     0.316483931514028
     0.351688405185367    -0.376845380881232    -0.182722083046322
     0.199992842712039    -0.115465921573678     0.325840033071497
   5  25
    -5.868914718303738     2.232898416334290    -2.123475841345451
     2.232898416326488    -3.290585713184498     1.225989348627325
    -2.452677905446068     1.416054248945453    -1.595096717558825
   5  26
    -5.148898493691614    -2.232898417037674     2.123475841341997
    -2.232898417020502    -1.061039891016389     1.131544310970867
     2.452677905447197     1.359187551019044    -1.430108774376252
   5  27
    -0.149257789661673     0.653645489272597     0.081791801869145
     0.653645489289761    -6.060680595032601    -2.404756178423126
     0.049248005023727    -2.803675148931385    -1.430108774374605
   5  28
     0.343127153120837    -0.653645489972544    -0.081791801865699
    -0.653645489999083    -0.411637644441899     0.047222518824915
    -0.049248005024865     0.028433348966873     0.657437294151719
   5  29
     0.430961963777928    -0.550892247548199     0.007997497000328
    -0.550892247575358    -0.205153609461535    -0.004617357043677
    -0.262538346050825     0.151576584773962     1.526988685632048
   5  30
     1.150478098638931     0.550892246854458    -0.007997496999962
     0.550892246881134     2.103791699048776    -0.113630357032312
     0.262538346049375     0.095362653895619     1.687727566242412
   5  31
     1.388376617206571     0.688243020595943     0.094408027330599
     0.688243020622619     1.865893180463711     0.063741214083064
     0.048682692170338    -0.275046204111253     1.687727566240589
   5  32
     0.209715573855085    -0.688243021290773    -0.094408027330974
    -0.688243021316968    -0.584999011762776     0.054506499992904
    -0.048682692168899     0.028106965441670     0.982160203716709
   6   1
     0.703709535105093    -0.080113409302930    -0.291006261943558
    -0.080113409302931     0.352454590293058     0.315358795020403
    -0.291006261943558     0.315358795020403    -0.452119412224988
   6   2
    -2.877976816828384     0.080113409949290     0.291006261943594
     0.080113409949291    -2.785469820742267    -0.168012543665368
     0.291006261943594    -0.168012543665368    -3.164354359118751
   6   3
    -2.521267631688579     0.192154557351730     0.418611858764942
     0.192154557351730    -2.299386662345312    -0.241685669345511
     0.418611858764942    -0.241685669345511    -2.265100127045131
   6   4
     0.509648575269192    -0.192154556703760    -0.418611858764966
    -0.192154556703760     0.546515550168604     0.094339417990480
    -0.418611858764966     0.094339417990480    -0.452119412247028
   6   5
    -4.548552364014501    -0.149614045049217    -0.288383495725229
    -0.149614045049217     1.849215571896785    -0.625609458406182
    -0.288383495725229    -0.625609458406183     1.570073438400954
   6   6
    18.765935579541566     0.149614045714176     0.288383495725182
     0.149614045714176    18.938694997092899    -0.166498288890076
     0.288383495725182    -0.166498288890076    19.203443930580249
   6   7
    -2.762098892486022    -2.695507757499801    -0.397601935969694
    -2.695507757499801    -5.874603152769579     0.229555584757023
    -0.397601935969694     0.229555584757023    -0.087945713731864
   6   8
     0.379343152829544     2.695507758162489     0.397601935969749
     2.695507758162489    -3.078679944948159     0.562552162539248
     0.397601935969749     0.562552162539248     1.570073438432324
   6   9
    -0.457599860872436     0.591576352191376     1.730818144613398
     0.591576352167540     0.284750643630418     1.405735264166146
     1.496016236512626     0.568570505271613    -1.198966470748863
   6  10
     2.146938662574623    -0.591576352190871    -1.730818144617591
    -0.591576352167180     1.463845130219775     0.999288321700850
    -1.496016236510842     0.863725376851906    -3.327350089353105
   6  11
     2.548188896654465    -0.617235373808396     0.351993377453385
    -0.617235373784427     1.835466878225779    -0.203223471224788
    -0.255611616848018     0.147577435793743    -2.235692860665780
   6  12
    -0.413157131761195     0.617235373808854    -0.351993377449186
     0.617235373785022     0.240307914516169    -2.201800114642195
     0.255611616846246    -1.579873317917248    -1.198966470755130
   6  13
    -0.457599860875253     0.591576352192331    -1.496016236497399
     0.591576352167019     0.284750643632559    -0.568570505264523
    -1.730818144614828    -1.405735264152591    -1.198966470752390
   6  14
     2.146938662573205    -0.591576352192693     1.496016236500810
    -0.591576352166996     1.463845130221196    -0.863725376869311
     1.730818144613295    -0.999288321708330    -3.327350089353108
   6  15
     2.548188896656100    -0.617235373807924     0.255611616844347
    -0.617235373783016     1.835466878224141    -0.147577435800157
    -0.351993377460067     0.203223471213167    -2.235692860665784
   6  16
    -0.413157131761905     0.617235373807338    -0.255611616847752
     0.617235373782034     0.240307914517558     1.579873317934006
     0.351993377461611     2.201800114647763    -1.198966470751595
   6  17
    -0.364087178032786    -0.062685623945335     0.089687742780521
    -0.062685623942696    -1.094820721112687    -0.636565877848123
    -0.044740142382188    -0.085749540207938     1.239793912965111
   6  18
    -1.307418816718476     0.062685623988239    -0.089687742781579
     0.062685623985364    -1.235035693049219     0.051781242440673
     0.044740142382625    -0.025830733245566     1.908699579539450
   6  19
    -0.890925440056161     0.347759717827306    -0.596126092789496
     0.347759717824905    -0.489367106758994     0.344173560143706
    -0.051891208989347     0.029959403480915     1.056479286978720
   6  20
    -0.857849992482973    -0.347759717784511     0.596126092790548
    -0.347759717781865    -0.601057906666359     0.240611075263737
     0.051891208988902     0.081620869972575     1.239793912964553
   6  21
    -0.250900551435405    -0.054351000570366     0.078999765511662
    -0.054351000567317    -1.000331003434383     0.411054701982892
    -0.038236879754488     0.208855770330602     0.433315111738816
   6  22
    -2.424385396462785     0.054351000613417    -0.078999765510523
     0.054351000610271    -2.361626266891869     0.045610535890614
     0.038236879754174    -0.022076072817234    -8.723963998670136
   6  23
    -0.782940171588910     0.351688405188315     0.316483931514028
     0.351688405185367    -0.376845380881232    -0.182722083046322
     0.199992842712039    -0.115465921573678     0.325840033071497
   6  24
    -0.765904043148820    -0.351688405145667    -0.316483931515173
    -0.351688405142611    -0.485327511725295    -0.273943154827191
    -0.199992842711734    -0.071313775939704     0.433315111738193
   6  25
    -5.148898493691614    -2.232898417037674     2.123475841341997
    -2.232898417020502    -1.061039891016389     1.131544310970867
     2.452677905447197     1.359187551019044    -1.430108774376252
   6  26
    -5.868914718303738     2.232898416334290    -2.123475841345451
     2.232898416326488    -3.290585713184498     1.225989348627325
    -2.452677905446068     1.416054248945453    -1.595096717558825
   6  27
     0.343127153120837    -0.653645489972544    -0.081791801865699
    -0.653645489999083    -0.411637644441899     0.047222518824915
    -0.049248005024865     0.028433348966873     0.657437294151719
   6  28
    -0.149257789661673     0.653645489272597     0.081791801869145
     0.653645489289761    -6.060680595032601    -2.404756178423126
     0.049248005023727    -2.803675148931385    -1.430108774374605
   6  29
     1.150478098638931     0.550892246854458    -0.007997496999962
     0.550892246881134     2.103791699048776    -0.113630357032312
     0.262538346049375     0.095362653895619     1.687727566242412
   6  30
     0.430961963777928    -0.550892247548199     0.007997497000328
    -0.550892247575358    -0.205153609461535    -0.004617357043677
    -0.262538346050825     0.151576584773962     1.526988685632048
   6  31
     0.209715573855085    -0.688243021290773    -0.094408027330974
