  32
   1   1
    21.654575858343783    -0.000146520788770    -0.000039444386238
    -0.000146520788770    21.654406670636366     0.000022773227003
    -0.000039444386238     0.000022773227003    21.531674175646206
   1   2
    -5.137481578537670     0.000146520804086     0.000039444386284
     0.000146520804086     1.358747765586886    -0.788227796143361
     0.000039444386284    -0.788227796143361     1.486972221215148
   1   3
    -0.265436461172537     2.813023080844973     0.682645017622118
     2.813023080844973    -3.513297351791774     0.394079738231129
     0.682645017622118     0.394079738231129     1.486972221247878
   1   4
    -0.266426703000346    -2.813023080829609    -0.682645017622164
    -2.813023080829609    -3.514625968904536     0.394125284685224
    -0.682645017622164     0.394125284685224     1.485854025927667
   1   5
    -0.225754531262448     0.000335440137890    -0.000055802483371
     0.000335440137890    -0.225367198361951     0.000032217580361
    -0.000055802483371     0.000032217580361    -1.347161400939704
   1   6
     0.191104861986927    -0.000335440139370     0.000055802483414
    -0.000335440139370    -0.081092823151913     0.208074949064288
     0.000055802483414     0.208074949064288    -0.383962148239038
   1   7
    -0.012752902176377    -0.118032775157582    -0.180170290537942
    -0.118032775157582     0.122764941039562    -0.104085800901159
    -0.180170290537942    -0.104085800901159    -0.383962148259391
   1   8
    -0.012910694541642     0.118032775155959     0.180170290537899
     0.118032775155959     0.123381814491487    -0.104021365743491
     0.180170290537899    -0.104021365743491    -0.383861944611263
   1   9
    -0.132890603266583    -0.042680630951816     1.188224103078298
    -0.042680630952066    -0.182173950800294    -0.686021505774153
     1.976040992036773    -1.140867798670267    -1.374494479947559
   1  10
    -0.132341473030131     0.042680630951666    -1.188224103076432
     0.042680630951794    -0.181833746585141    -0.685866834927603
    -1.976040992036773    -1.140722497989864    -1.374796089251498
   1  11
    -0.206423188850224    -0.000090467621153    -0.000133948881421
    -0.000090467621019    -0.107752030766680     1.371965676123423
    -0.000125834080404     2.281662947012235    -1.374796089250509
   1  12
     0.241409403966079     0.000090467620331     0.000133948879554
     0.000090467620323     0.241513866974619    -0.000077335421663
     0.000125834080422    -0.000072650352103    -0.374939207896491
   1  13
    -0.132890603264026    -0.042680630950362    -1.976040992031893
    -0.042680630950567    -0.182173950802850     1.140867798678723
    -1.188224103081517     0.686021505768567    -1.374494479947548
   1  14
    -0.132341473028394     0.042680630951172     1.976040992028638
     0.042680630951280    -0.181833746586238     1.140722497990818
     1.188224103081440     0.685866834926747    -1.374796089247917
   1  15
    -0.206423188850272    -0.000090467619660     0.000125834085304
    -0.000090467619557    -0.107752030767273    -2.281662947018809
     0.000133948878181    -1.371965676119505    -1.374796089254088
   1  16
     0.241409403965193     0.000090467619819    -0.000125834082051
     0.000090467619811     0.241513866975508     0.000072650349271
    -0.000133948878091     0.000077335424192    -0.374939207896496
   1  17
    -1.603118561136739     0.000008468694572     0.000021195651594
     0.000008468694575    -1.603108782327068    -0.000012237316139
     0.000007425963081    -0.000004287381765    -9.766704875136073
   1  18
     0.582360217028251    -0.000008468694852    -0.000021195651617
    -0.000008468694850    -0.120932086512968     0.468482580825889
    -0.000007425963087     0.176590226141183    -0.554434064610648
   1  19
     0.054898323475903    -0.304538734925285    -0.405728414052281
    -0.304538734925279     0.406529807036255    -0.234222934439698
    -0.152935334879850    -0.088288681997933    -0.554434064611649
   1  20
     0.054885176317675     0.304538734925029     0.405728414052304
     0.304538734925015     0.406536217490730    -0.234247409070053
     0.152935334879838    -0.088297256761488    -0.554527513639215
   1  21
    -0.463524312987423     0.000006582939134     0.000039799747424
     0.000006582939137    -0.463516711660884    -0.000022978393284
     0.000001565919053    -0.000000904083942     1.208381152811870
   1  22
     0.460003306422762    -0.000006582939409    -0.000039799747359
    -0.000006582939397    -0.215001685438059    -0.630778721535549
    -0.000001565919079    -0.128572649885361     0.281050526166620
   1  23
    -0.046244736481208    -0.292289026787469     0.546250497143903
    -0.292289026787454     0.291246357463347     0.315423828359248
     0.111346398072992     0.064287681068452     0.281050526165972
   1  24
    -0.046224641611939     0.292289026787208    -0.546250497143967
     0.292289026787182     0.291281654979647     0.315377871569583
    -0.111346398072980     0.064285872900850     0.281086061538053
   1  25
    -0.062810823854431     0.161613335679125     0.109224431900947
     0.161613335680156     0.123804181853863    -0.063060755159413
    -0.192762843485083     0.111291679573441     0.774477983816851
   1  26
    -0.062768618202704    -0.161613335677185    -0.109224431900782
    -0.161613335677706     0.123897819858885    -0.063056516769985
     0.192762843485139     0.111307478269008     0.774406181420142
   1  27
     0.217192464625114     0.000022270863623    -0.000003670552837
     0.000022270863106    -0.156063262984720     0.126119391125030
    -0.000013682071677    -0.222591258497020     0.774406181418129
   1  28
    -0.217233483746322    -0.000022270860796     0.000003670552672
    -0.000022270860788    -0.217259199922872    -0.000002119195632
     0.000013682071622    -0.000007899345434     0.147709798405347
   1  29
    -6.447589720082898     2.950309827145772    -2.084250588759940
     2.950309827164973    -3.040865374260910     1.203342638487281
    -2.436325835880272     1.406613377173068    -2.464603194132666
   1  30
    -6.447614083908427    -2.950309827152364     2.084250588756538
    -2.950309827161967    -3.040959533125154     1.203315023448834
     2.436325835880231     1.406607528133847    -2.464678382102224
   1  31
    -1.337579911459209    -0.000030222134396     0.000023915323118
    -0.000030222143995    -8.150993705558557    -2.406671469452154
     0.000005065416530    -2.813223829832630    -2.464678382100723
   1  32
    -0.090303137730159     0.000030222130786    -0.000023915319714
     0.000030222130788    -0.090268240200719     0.000013807516042
    -0.000005065416488     0.000002924525723    -0.194640845053949
   2   1
    -5.137481578537669     0.000146520804086     0.000039444386284
     0.000146520804086     1.358747765586886    -0.788227796143361
     0.000039444386284    -0.788227796143361     1.486972221215148
   2   2
    21.654575858343780    -0.000146520788770    -0.000039444386238
    -0.000146520788770    21.654406670636366     0.000022773227003
    -0.000039444386238     0.000022773227003    21.531674175646206
   2   3
    -0.266426703000346    -2.813023080829608    -0.682645017622164
    -2.813023080829608    -3.514625968904536     0.394125284685224
    -0.682645017622163     0.394125284685224     1.485854025927667
   2   4
    -0.265436461172537     2.813023080844973     0.682645017622118
     2.813023080844973    -3.513297351791774     0.394079738231129
     0.682645017622118     0.394079738231129     1.486972221247878
   2   5
     0.191104861986927    -0.000335440139370     0.000055802483414
    -0.000335440139370    -0.081092823151913     0.208074949064288
     0.000055802483414     0.208074949064288    -0.383962148239038
   2   6
    -0.225754531262448     0.000335440137890    -0.000055802483371
     0.000335440137890    -0.225367198361951     0.000032217580361
    -0.000055802483371     0.000032217580361    -1.347161400939704
   2   7
    -0.012910694541642     0.118032775155959     0.180170290537899
     0.118032775155959     0.123381814491487    -0.104021365743491
     0.180170290537899    -0.104021365743491    -0.383861944611263
   2   8
    -0.012752902176377    -0.118032775157582    -0.180170290537942
    -0.118032775157582     0.122764941039562    -0.104085800901159
    -0.180170290537942    -0.104085800901159    -0.383962148259391
   2   9
    -0.132341473030131     0.042680630951666    -1.188224103076432
     0.042680630951794    -0.181833746585141    -0.685866834927603
    -1.976040992036773    -1.140722497989864    -1.374796089251498
   2  10
    -0.132890603266583    -0.042680630951816     1.188224103078298
    -0.042680630952066    -0.182173950800294    -0.686021505774153
     1.976040992036773    -1.140867798670267    -1.374494479947559
   2  11
     0.241409403966079     0.000090467620331     0.000133948879554
     0.000090467620323     0.241513866974619    -0.000077335421663
     0.000125834080422    -0.000072650352103    -0.374939207896491
   2  12
    -0.206423188850224    -0.000090467621153    -0.000133948881421
    -0.000090467621019    -0.107752030766680     1.371965676123423
    -0.000125834080404     2.281662947012235    -1.374796089250509
   2  13
    -0.132341473028394     0.042680630951172     1.976040992028638
     0.042680630951280    -0.181833746586238     1.140722497990818
     1.188224103081440     0.685866834926747    -1.374796089247917
   2  14
    -0.132890603264026    -0.042680630950362    -1.976040992031893
    -0.042680630950567    -0.182173950802850     1.140867798678723
    -1.188224103081517     0.686021505768567    -1.374494479947548
   2  15
     0.241409403965193     0.000090467619819    -0.000125834082051
     0.000090467619811     0.241513866975508     0.000072650349271
    -0.000133948878091     0.000077335424192    -0.374939207896496
   2  16
    -0.206423188850272    -0.000090467619660     0.000125834085304
    -0.000090467619557    -0.107752030767273    -2.281662947018809
     0.000133948878181    -1.371965676119505    -1.374796089254088
   2  17
     0.582360217028251    -0.000008468694852    -0.000021195651617
    -0.000008468694850    -0.120932086512968     0.468482580825889
    -0.000007425963087     0.176590226141183    -0.554434064610648
   2  18
    -1.603118561136739     0.000008468694572     0.000021195651594
     0.000008468694575    -1.603108782327068    -0.000012237316139
     0.000007425963081    -0.000004287381765    -9.766704875136073
   2  19
     0.054885176317675     0.304538734925029     0.405728414052304
     0.304538734925015     0.406536217490730    -0.234247409070053
     0.152935334879838    -0.088297256761488    -0.554527513639215
   2  20
     0.054898323475903    -0.304538734925285    -0.405728414052281
    -0.304538734925278     0.406529807036255    -0.234222934439698
    -0.152935334879850    -0.088288681997933    -0.554434064611649
   2  21
     0.460003306422761    -0.000006582939409    -0.000039799747359
    -0.000006582939397    -0.215001685438059    -0.630778721535549
    -0.000001565919079    -0.128572649885361     0.281050526166620
   2  22
    -0.463524312987422     0.000006582939134     0.000039799747424
     0.000006582939137    -0.463516711660884    -0.000022978393284
     0.000001565919053    -0.000000904083942     1.208381152811870
   2  23
    -0.046224641611939     0.292289026787208    -0.546250497143967
     0.292289026787182     0.291281654979647     0.315377871569583
    -0.111346398072980     0.064285872900850     0.281086061538053
   2  24
    -0.046244736481208    -0.292289026787469     0.546250497143903
    -0.292289026787454     0.291246357463347     0.315423828359248
     0.111346398072992     0.064287681068452     0.281050526165972
   2  25
    -0.062768618202704    -0.161613335677185    -0.109224431900782
    -0.161613335677706     0.123897819858885    -0.063056516769985
     0.192762843485139     0.111307478269008     0.774406181420142
   2  26
    -0.062810823854430     0.161613335679125     0.109224431900947
     0.161613335680156     0.123804181853863    -0.063060755159413
    -0.192762843485083     0.111291679573441     0.774477983816851
   2  27
    -0.217233483746322    -0.000022270860796     0.000003670552672
    -0.000022270860788    -0.217259199922872    -0.000002119195632
     0.000013682071622    -0.000007899345434     0.147709798405347
   2  28
     0.217192464625114     0.000022270863623    -0.000003670552837
     0.000022270863106    -0.156063262984720     0.126119391125030
    -0.000013682071677    -0.222591258497020     0.774406181418129
   2  29
    -6.447614083908426    -2.950309827152363     2.084250588756537
    -2.950309827161966    -3.040959533125154     1.203315023448834
     2.436325835880231     1.406607528133847    -2.464678382102224
   2  30
    -6.447589720082896     2.950309827145772    -2.084250588759940
     2.950309827164972    -3.040865374260910     1.203342638487281
    -2.436325835880272     1.406613377173068    -2.464603194132666
   2  31
    -0.090303137730159     0.000030222130786    -0.000023915319714
     0.000030222130788    -0.090268240200719     0.000013807516042
    -0.000005065416488     0.000002924525723    -0.194640845053949
   2  32
    -1.337579911459209    -0.000030222134396     0.000023915323118
    -0.000030222143995    -8.150993705558557    -2.406671469452154
     0.000005065416530    -2.813223829832630    -2.464678382100723
   3   1
    -0.265436461172537     2.813023080844973     0.682645017622118
     2.813023080844973    -3.513297351791774     0.394079738231129
     0.682645017622118     0.394079738231129     1.486972221247878
   3   2
    -0.266426703000346    -2.813023080829608    -0.682645017622164
    -2.813023080829608    -3.514625968904536     0.394125284685224
    -0.682645017622163     0.394125284685224     1.485854025927667
   3   3
    21.654575858343780    -0.000146520788770    -0.000039444386238
    -0.000146520788770    21.654406670636366     0.000022773227003
    -0.000039444386238     0.000022773227003    21.531674175646206
   3   4
    -5.137481578537669     0.000146520804086     0.000039444386284
     0.000146520804086     1.358747765586886    -0.788227796143361
     0.000039444386284    -0.788227796143361     1.486972221215148
   3   5
    -0.012752902176377    -0.118032775157582    -0.180170290537942
    -0.118032775157582     0.122764941039562    -0.104085800901159
    -0.180170290537942    -0.104085800901159    -0.383962148259391
   3   6
    -0.012910694541642     0.118032775155959     0.180170290537899
     0.118032775155959     0.123381814491487    -0.104021365743491
     0.180170290537899    -0.104021365743491    -0.383861944611263
   3   7
    -0.225754531262448     0.000335440137890    -0.000055802483371
     0.000335440137890    -0.225367198361951     0.000032217580361
    -0.000055802483371     0.000032217580361    -1.347161400939704
   3   8
     0.191104861986927    -0.000335440139370     0.000055802483414
    -0.000335440139370    -0.081092823151913     0.208074949064288
     0.000055802483414     0.208074949064288    -0.383962148239038
   3   9
    -0.206423188850224    -0.000090467621153    -0.000133948881421
    -0.000090467621019    -0.107752030766680     1.371965676123423
    -0.000125834080404     2.281662947012235    -1.374796089250509
   3  10
     0.241409403966079     0.000090467620331     0.000133948879554
     0.000090467620323     0.241513866974619    -0.000077335421663
     0.000125834080422    -0.000072650352103    -0.374939207896491
   3  11
    -0.132890603266583    -0.042680630951816     1.188224103078298
    -0.042680630952066    -0.182173950800294    -0.686021505774153
     1.976040992036773    -1.140867798670267    -1.374494479947559
   3  12
    -0.132341473030131     0.042680630951666    -1.188224103076432
     0.042680630951794    -0.181833746585141    -0.685866834927603
    -1.976040992036773    -1.140722497989864    -1.374796089251498
   3  13
    -0.206423188850272    -0.000090467619660     0.000125834085304
    -0.000090467619557    -0.107752030767273    -2.281662947018809
     0.000133948878181    -1.371965676119505    -1.374796089254088
   3  14
     0.241409403965193     0.000090467619819    -0.000125834082051
     0.000090467619811     0.241513866975508     0.000072650349271
    -0.000133948878091     0.000077335424192    -0.374939207896496
   3  15
    -0.132890603264026    -0.042680630950362    -1.976040992031893
    -0.042680630950567    -0.182173950802850     1.140867798678723
    -1.188224103081517     0.686021505768567    -1.374494479947548
   3  16
    -0.132341473028394     0.042680630951172     1.976040992028638
     0.042680630951280    -0.181833746586238     1.140722497990818
     1.188224103081440     0.685866834926747    -1.374796089247917
   3  17
     0.054898323475903    -0.304538734925285    -0.405728414052281
    -0.304538734925278     0.406529807036255    -0.234222934439698
    -0.152935334879850    -0.088288681997933    -0.554434064611649
   3  18
     0.054885176317675     0.304538734925029     0.405728414052304
     0.304538734925015     0.406536217490730    -0.234247409070053
     0.152935334879838    -0.088297256761488    -0.554527513639215
   3  19
    -1.603118561136739     0.000008468694572     0.000021195651594
     0.000008468694575    -1.603108782327068    -0.000012237316139
     0.000007425963081    -0.000004287381765    -9.766704875136073
   3  20
     0.582360217028251    -0.000008468694852    -0.000021195651617
    -0.000008468694850    -0.120932086512968     0.468482580825889
    -0.000007425963087     0.176590226141183    -0.554434064610648
   3  21
    -0.046244736481208    -0.292289026787469     0.546250497143903
    -0.292289026787454     0.291246357463347     0.315423828359248
     0.111346398072992     0.064287681068452     0.281050526165972
   3  22
    -0.046224641611939     0.292289026787208    -0.546250497143967
     0.292289026787182     0.291281654979647     0.315377871569583
    -0.111346398072980     0.064285872900850     0.281086061538053
   3  23
    -0.463524312987422     0.000006582939134     0.000039799747424
     0.000006582939137    -0.463516711660884    -0.000022978393284
     0.000001565919053    -0.000000904083942     1.208381152811870
   3  24
     0.460003306422761    -0.000006582939409    -0.000039799747359
    -0.000006582939397    -0.215001685438059    -0.630778721535549
    -0.000001565919079    -0.128572649885361     0.281050526166620
   3  25
     0.217192464625114     0.000022270863623    -0.000003670552837
     0.000022270863106    -0.156063262984720     0.126119391125030
    -0.000013682071677    -0.222591258497020     0.774406181418129
   3  26
    -0.217233483746322    -0.000022270860796     0.000003670552672
    -0.000022270860788    -0.217259199922872    -0.000002119195632
     0.000013682071622    -0.000007899345434     0.147709798405347
   3  27
    -0.062810823854430     0.161613335679125     0.109224431900947
     0.161613335680156     0.123804181853863    -0.063060755159413
    -0.192762843485083     0.111291679573441     0.774477983816851
   3  28
    -0.062768618202704    -0.161613335677185    -0.109224431900782
    -0.161613335677706     0.123897819858885    -0.063056516769985
     0.192762843485139     0.111307478269008     0.774406181420142
   3  29
    -1.337579911459209    -0.000030222134396     0.000023915323118
    -0.000030222143995    -8.150993705558557    -2.406671469452154
     0.000005065416530    -2.813223829832630    -2.464678382100723
   3  30
    -0.090303137730159     0.000030222130786    -0.000023915319714
     0.000030222130788    -0.090268240200719     0.000013807516042
    -0.000005065416488     0.000002924525723    -0.194640845053949
   3  31
    -6.447589720082896     2.950309827145772    -2.084250588759940
     2.950309827164972    -3.040865374260910     1.203342638487281
    -2.436325835880272     1.406613377173068    -2.464603194132666
   3  32
    -6.447614083908426    -2.950309827152363     2.084250588756537
    -2.950309827161966    -3.040959533125154     1.203315023448834
     2.436325835880231     1.406607528133847    -2.464678382102224
   4   1
    -0.266426703000346    -2.813023080829608    -0.682645017622164
    -2.813023080829608    -3.514625968904536     0.394125284685224
    -0.682645017622163     0.394125284685224     1.485854025927667
   4   2
    -0.265436461172537     2.813023080844973     0.682645017622118
     2.813023080844973    -3.513297351791774     0.394079738231129
     0.682645017622118     0.394079738231129     1.486972221247878
   4   3
    -5.137481578537669     0.000146520804086     0.000039444386284
     0.000146520804086     1.358747765586886    -0.788227796143361
     0.000039444386284    -0.788227796143361     1.486972221215148
   4   4
    21.654575858343780    -0.000146520788770    -0.000039444386238
    -0.000146520788770    21.654406670636366     0.000022773227003
    -0.000039444386238     0.000022773227003    21.531674175646206
   4   5
    -0.012910694541642     0.118032775155959     0.180170290537899
     0.118032775155959     0.123381814491487    -0.104021365743491
     0.180170290537899    -0.104021365743491    -0.383861944611263
   4   6
    -0.012752902176377    -0.118032775157582    -0.180170290537942
    -0.118032775157582     0.122764941039562    -0.104085800901159
    -0.180170290537942    -0.104085800901159    -0.383962148259391
   4   7
     0.191104861986927    -0.000335440139370     0.000055802483414
    -0.000335440139370    -0.081092823151913     0.208074949064288
     0.000055802483414     0.208074949064288    -0.383962148239038
   4   8
    -0.225754531262448     0.000335440137890    -0.000055802483371
     0.000335440137890    -0.225367198361951     0.000032217580361
    -0.000055802483371     0.000032217580361    -1.347161400939704
   4   9
     0.241409403966079     0.000090467620331     0.000133948879554
     0.000090467620323     0.241513866974619    -0.000077335421663
     0.000125834080422    -0.000072650352103    -0.374939207896491
   4  10
    -0.206423188850224    -0.000090467621153    -0.000133948881421
    -0.000090467621019    -0.107752030766680     1.371965676123423
    -0.000125834080404     2.281662947012235    -1.374796089250509
   4  11
    -0.132341473030131     0.042680630951666    -1.188224103076432
     0.042680630951794    -0.181833746585141    -0.685866834927603
    -1.976040992036773    -1.140722497989864    -1.374796089251498
   4  12
    -0.132890603266583    -0.042680630951816     1.188224103078298
    -0.042680630952066    -0.182173950800294    -0.686021505774153
     1.976040992036773    -1.140867798670267    -1.374494479947559
   4  13
     0.241409403965193     0.000090467619819    -0.000125834082051
     0.000090467619811     0.241513866975508     0.000072650349271
    -0.000133948878091     0.000077335424192    -0.374939207896496
   4  14
    -0.206423188850272    -0.000090467619660     0.000125834085304
    -0.000090467619557    -0.107752030767273    -2.281662947018809
     0.000133948878181    -1.371965676119505    -1.374796089254088
   4  15
    -0.132341473028394     0.042680630951172     1.976040992028638
     0.042680630951280    -0.181833746586238     1.140722497990818
     1.188224103081440     0.685866834926747    -1.374796089247917
   4  16
    -0.132890603264026    -0.042680630950362    -1.976040992031893
    -0.042680630950567    -0.182173950802850     1.140867798678723
    -1.188224103081517     0.686021505768567    -1.374494479947548
   4  17
     0.054885176317675     0.304538734925029     0.405728414052304
     0.304538734925015     0.406536217490730    -0.234247409070053
     0.152935334879838    -0.088297256761488    -0.554527513639215
   4  18
     0.054898323475903    -0.304538734925285    -0.405728414052281
    -0.304538734925278     0.406529807036255    -0.234222934439698
    -0.152935334879850    -0.088288681997933    -0.554434064611649
   4  19
     0.582360217028251    -0.000008468694852    -0.000021195651617
    -0.000008468694850    -0.120932086512968     0.468482580825889
    -0.000007425963087     0.176590226141183    -0.554434064610648
   4  20
    -1.603118561136739     0.000008468694572     0.000021195651594
     0.000008468694575    -1.603108782327068    -0.000012237316139
     0.000007425963081    -0.000004287381765    -9.766704875136073
   4  21
    -0.046224641611939     0.292289026787208    -0.546250497143967
     0.292289026787182     0.291281654979647     0.315377871569583
    -0.111346398072980     0.064285872900850     0.281086061538053
   4  22
    -0.046244736481208    -0.292289026787469     0.546250497143903
    -0.292289026787454     0.291246357463347     0.315423828359248
     0.111346398072992     0.064287681068452     0.281050526165972
   4  23
     0.460003306422761    -0.000006582939409    -0.000039799747359
    -0.000006582939397    -0.215001685438059    -0.630778721535549
    -0.000001565919079    -0.128572649885361     0.281050526166620
   4  24
    -0.463524312987422     0.000006582939134     0.000039799747424
     0.000006582939137    -0.463516711660884    -0.000022978393284
     0.000001565919053    -0.000000904083942     1.208381152811870
   4  25
    -0.217233483746322    -0.000022270860796     0.000003670552672
    -0.000022270860788    -0.217259199922872    -0.000002119195632
     0.000013682071622    -0.000007899345434     0.147709798405347
   4  26
     0.217192464625114     0.000022270863623    -0.000003670552837
     0.000022270863106    -0.156063262984720     0.126119391125030
    -0.000013682071677    -0.222591258497020     0.774406181418129
   4  27
    -0.062768618202704    -0.161613335677185    -0.109224431900782
    -0.161613335677706     0.123897819858885    -0.063056516769985
     0.192762843485139     0.111307478269008     0.774406181420142
   4  28
    -0.062810823854430     0.161613335679125     0.109224431900947
     0.161613335680156     0.123804181853863    -0.063060755159413
    -0.192762843485083     0.111291679573441     0.774477983816851
   4  29
    -0.090303137730159     0.000030222130786    -0.000023915319714
     0.000030222130788    -0.090268240200719     0.000013807516042
    -0.000005065416488     0.000002924525723    -0.194640845053949
   4  30
    -1.337579911459209    -0.000030222134396     0.000023915323118
    -0.000030222143995    -8.150993705558557    -2.406671469452154
     0.000005065416530    -2.813223829832630    -2.464678382100723
   4  31
    -6.447614083908426    -2.950309827152363     2.084250588756537
    -2.950309827161966    -3.040959533125154     1.203315023448834
     2.436325835880231     1.406607528133847    -2.464678382102224
   4  32
    -6.447589720082896     2.950309827145772    -2.084250588759940
     2.950309827164972    -3.040865374260910     1.203342638487281
    -2.436325835880272     1.406613377173068    -2.464603194132666
   5   1
    -0.225754531262448     0.000335440137890    -0.000055802483371
     0.000335440137890    -0.225367198361951     0.000032217580361
    -0.000055802483371     0.000032217580361    -1.347161400939704
   5   2
     0.191104861986927    -0.000335440139370     0.000055802483414
    -0.000335440139370    -0.081092823151913     0.208074949064288
     0.000055802483414     0.208074949064288    -0.383962148239038
   5   3
    -0.012752902176377    -0.118032775157582    -0.180170290537942
    -0.118032775157582     0.122764941039562    -0.104085800901159
    -0.180170290537942    -0.104085800901159    -0.383962148259391
   5   4
    -0.012910694541642     0.118032775155959     0.180170290537899
     0.118032775155959     0.123381814491487    -0.104021365743491
     0.180170290537899    -0.104021365743491    -0.383861944611263
   5   5
    21.654575858343780    -0.000146520788770    -0.000039444386238
    -0.000146520788770    21.654406670636366     0.000022773227003
    -0.000039444386238     0.000022773227003    21.531674175646206
   5   6
    -5.137481578537669     0.000146520804086     0.000039444386284
     0.000146520804086     1.358747765586886    -0.788227796143361
     0.000039444386284    -0.788227796143361     1.486972221215148
   5   7
    -0.265436461172537     2.813023080844973     0.682645017622118
     2.813023080844973    -3.513297351791774     0.394079738231129
     0.682645017622118     0.394079738231129     1.486972221247878
   5   8
    -0.266426703000346    -2.813023080829608    -0.682645017622164
    -2.813023080829608    -3.514625968904536     0.394125284685224
    -0.682645017622163     0.394125284685224     1.485854025927667
   5   9
    -0.132890603264026    -0.042680630950362    -1.976040992031893
    -0.042680630950567    -0.182173950802850     1.140867798678723
    -1.188224103081517     0.686021505768567    -1.374494479947548
   5  10
    -0.132341473028394     0.042680630951172     1.976040992028638
     0.042680630951280    -0.181833746586238     1.140722497990818
     1.188224103081440     0.685866834926747    -1.374796089247917
   5  11
    -0.206423188850272    -0.000090467619660     0.000125834085304
    -0.000090467619557    -0.107752030767273    -2.281662947018809
     0.000133948878181    -1.371965676119505    -1.374796089254088
   5  12
     0.241409403965193     0.000090467619819    -0.000125834082051
     0.000090467619811     0.241513866975508     0.000072650349271
    -0.000133948878091     0.000077335424192    -0.374939207896496
   5  13
    -0.132890603266583    -0.042680630951816     1.188224103078298
    -0.042680630952066    -0.182173950800294    -0.686021505774153
     1.976040992036773    -1.140867798670267    -1.374494479947559
   5  14
    -0.132341473030131     0.042680630951666    -1.188224103076432
     0.042680630951794    -0.181833746585141    -0.685866834927603
    -1.976040992036773    -1.140722497989864    -1.374796089251498
   5  15
    -0.206423188850224    -0.000090467621153    -0.000133948881421
    -0.000090467621019    -0.107752030766680     1.371965676123423
    -0.000125834080404     2.281662947012235    -1.374796089250509
   5  16
     0.241409403966079     0.000090467620331     0.000133948879554
     0.000090467620323     0.241513866974619    -0.000077335421663
     0.000125834080422    -0.000072650352103    -0.374939207896491
   5  17
    -0.463524312987422     0.000006582939134     0.000039799747424
     0.000006582939137    -0.463516711660884    -0.000022978393284
     0.000001565919053    -0.000000904083942     1.208381152811870
   5  18
     0.460003306422761    -0.000006582939409    -0.000039799747359
    -0.000006582939397    -0.215001685438059    -0.630778721535549
    -0.000001565919079    -0.128572649885361     0.281050526166620
   5  19
    -0.046244736481208    -0.292289026787469     0.546250497143903
    -0.292289026787454     0.291246357463347     0.315423828359248
     0.111346398072992     0.064287681068452     0.281050526165972
   5  20
    -0.046224641611939     0.292289026787208    -0.546250497143967
     0.292289026787182     0.291281654979647     0.315377871569583
    -0.111346398072980     0.064285872900850     0.281086061538053
   5  21
    -1.603118561136739     0.000008468694572     0.000021195651594
     0.000008468694575    -1.603108782327068    -0.000012237316139
     0.000007425963081    -0.000004287381765    -9.766704875136073
   5  22
     0.582360217028251    -0.000008468694852    -0.000021195651617
    -0.000008468694850    -0.120932086512968     0.468482580825889
    -0.000007425963087     0.176590226141183    -0.554434064610648
   5  23
     0.054898323475903    -0.304538734925285    -0.405728414052281
    -0.304538734925278     0.406529807036255    -0.234222934439698
    -0.152935334879850    -0.088288681997933    -0.554434064611649
   5  24
     0.054885176317675     0.304538734925029     0.405728414052304
     0.304538734925015     0.406536217490730    -0.234247409070053
     0.152935334879838    -0.088297256761488    -0.554527513639215
   5  25
    -6.447589720082896     2.950309827145772    -2.084250588759940
     2.950309827164972    -3.040865374260910     1.203342638487281
    -2.436325835880272     1.406613377173068    -2.464603194132666
   5  26
    -6.447614083908426    -2.950309827152363     2.084250588756537
    -2.950309827161966    -3.040959533125154     1.203315023448834
     2.436325835880231     1.406607528133847    -2.464678382102224
   5  27
    -1.337579911459209    -0.000030222134396     0.000023915323118
    -0.000030222143995    -8.150993705558557    -2.406671469452154
     0.000005065416530    -2.813223829832630    -2.464678382100723
   5  28
    -0.090303137730159     0.000030222130786    -0.000023915319714
     0.000030222130788    -0.090268240200719     0.000013807516042
    -0.000005065416488     0.000002924525723    -0.194640845053949
   5  29
    -0.062810823854430     0.161613335679125     0.109224431900947
     0.161613335680156     0.123804181853863    -0.063060755159413
    -0.192762843485083     0.111291679573441     0.774477983816851
   5  30
    -0.062768618202704    -0.161613335677185    -0.109224431900782
    -0.161613335677706     0.123897819858885    -0.063056516769985
     0.192762843485139     0.111307478269008     0.774406181420142
   5  31
     0.217192464625114     0.000022270863623    -0.000003670552837
     0.000022270863106    -0.156063262984720     0.126119391125030
    -0.000013682071677    -0.222591258497020     0.774406181418129
   5  32
    -0.217233483746322    -0.000022270860796     0.000003670552672
    -0.000022270860788    -0.217259199922872    -0.000002119195632
     0.000013682071622    -0.000007899345434     0.147709798405347
   6   1
     0.191104861986927    -0.000335440139370     0.000055802483414
    -0.000335440139370    -0.081092823151913     0.208074949064288
     0.000055802483414     0.208074949064288    -0.383962148239038
   6   2
    -0.225754531262448     0.000335440137890    -0.000055802483371
     0.000335440137890    -0.225367198361951     0.000032217580361
    -0.000055802483371     0.000032217580361    -1.347161400939704
   6   3
    -0.012910694541642     0.118032775155959     0.180170290537899
     0.118032775155959     0.123381814491487    -0.104021365743491
     0.180170290537899    -0.104021365743491    -0.383861944611263
   6   4
    -0.012752902176377    -0.118032775157582    -0.180170290537942
    -0.118032775157582     0.122764941039562    -0.104085800901159
    -0.180170290537942    -0.104085800901159    -0.383962148259391
   6   5
    -5.137481578537669     0.000146520804086     0.000039444386284
     0.000146520804086     1.358747765586886    -0.788227796143361
     0.000039444386284    -0.788227796143361     1.486972221215148
   6   6
    21.654575858343780    -0.000146520788770    -0.000039444386238
    -0.000146520788770    21.654406670636366     0.000022773227003
    -0.000039444386238     0.000022773227003    21.531674175646206
   6   7
    -0.266426703000346    -2.813023080829608    -0.682645017622164
    -2.813023080829608    -3.514625968904536     0.394125284685224
    -0.682645017622163     0.394125284685224     1.485854025927667
   6   8
    -0.265436461172537     2.813023080844973     0.682645017622118
     2.813023080844973    -3.513297351791774     0.394079738231129
     0.682645017622118     0.394079738231129     1.486972221247878
   6   9
    -0.132341473028394     0.042680630951172     1.976040992028638
     0.042680630951280    -0.181833746586238     1.140722497990818
     1.188224103081440     0.685866834926747    -1.374796089247917
   6  10
    -0.132890603264026    -0.042680630950362    -1.976040992031893
    -0.042680630950567    -0.182173950802850     1.140867798678723
    -1.188224103081517     0.686021505768567    -1.374494479947548
   6  11
     0.241409403965193     0.000090467619819    -0.000125834082051
     0.000090467619811     0.241513866975508     0.000072650349271
    -0.000133948878091     0.000077335424192    -0.374939207896496
   6  12
    -0.206423188850272    -0.000090467619660     0.000125834085304
    -0.000090467619557    -0.107752030767273    -2.281662947018809
     0.000133948878181    -1.371965676119505    -1.374796089254088
   6  13
    -0.132341473030131     0.042680630951666    -1.188224103076432
     0.042680630951794    -0.181833746585141    -0.685866834927603
    -1.976040992036773    -1.140722497989864    -1.374796089251498
   6  14
    -0.132890603266583    -0.042680630951816     1.188224103078298
    -0.042680630952066    -0.182173950800294    -0.686021505774153
     1.976040992036773    -1.140867798670267    -1.374494479947559
   6  15
     0.241409403966079     0.000090467620331     0.000133948879554
     0.000090467620323     0.241513866974619    -0.000077335421663
     0.000125834080422    -0.000072650352103    -0.374939207896491
   6  16
    -0.206423188850224    -0.000090467621153    -0.000133948881421
    -0.000090467621019    -0.107752030766680     1.371965676123423
    -0.000125834080404     2.281662947012235    -1.374796089250509
   6  17
     0.460003306422761    -0.000006582939409    -0.000039799747359
    -0.000006582939397    -0.215001685438059    -0.630778721535549
    -0.000001565919079    -0.128572649885361     0.281050526166620
   6  18
    -0.463524312987422     0.000006582939134     0.000039799747424
     0.000006582939137    -0.463516711660884    -0.000022978393284
     0.000001565919053    -0.000000904083942     1.208381152811870
   6  19
    -0.046224641611939     0.292289026787208    -0.546250497143967
     0.292289026787182     0.291281654979647     0.315377871569583
    -0.111346398072980     0.064285872900850     0.281086061538053
   6  20
    -0.046244736481208    -0.292289026787469     0.546250497143903
    -0.292289026787454     0.291246357463347     0.315423828359248
     0.111346398072992     0.064287681068452     0.281050526165972
   6  21
     0.582360217028251    -0.000008468694852    -0.000021195651617
    -0.000008468694850    -0.120932086512968     0.468482580825889
    -0.000007425963087     0.176590226141183    -0.554434064610648
   6  22
    -1.603118561136739     0.000008468694572     0.000021195651594
     0.000008468694575    -1.603108782327068    -0.000012237316139
     0.000007425963081    -0.000004287381765    -9.766704875136073
   6  23
     0.054885176317675     0.304538734925029     0.405728414052304
     0.304538734925015     0.406536217490730    -0.234247409070053
     0.152935334879838    -0.088297256761488    -0.554527513639215
   6  24
     0.054898323475903    -0.304538734925285    -0.405728414052281
    -0.304538734925278     0.406529807036255    -0.234222934439698
    -0.152935334879850    -0.088288681997933    -0.554434064611649
   6  25
    -6.447614083908426    -2.950309827152363     2.084250588756537
    -2.950309827161966    -3.040959533125154     1.203315023448834
     2.436325835880231     1.406607528133847    -2.464678382102224
   6  26
    -6.447589720082896     2.950309827145772    -2.084250588759940
     2.950309827164972    -3.040865374260910     1.203342638487281
    -2.436325835880272     1.406613377173068    -2.464603194132666
   6  27
    -0.090303137730159     0.000030222130786    -0.000023915319714
     0.000030222130788    -0.090268240200719     0.000013807516042
    -0.000005065416488     0.000002924525723    -0.194640845053949
   6  28
    -1.337579911459209    -0.000030222134396     0.000023915323118
    -0.000030222143995    -8.150993705558557    -2.406671469452154
     0.000005065416530    -2.813223829832630    -2.464678382100723
   6  29
    -0.062768618202704    -0.161613335677185    -0.109224431900782
    -0.161613335677706     0.123897819858885    -0.063056516769985
     0.192762843485139     0.111307478269008     0.774406181420142
   6  30
    -0.062810823854430     0.161613335679125     0.109224431900947
     0.161613335680156     0.123804181853863    -0.063060755159413
    -0.192762843485083     0.111291679573441     0.774477983816851
   6  31
    -0.217233483746322    -0.000022270860796     0.000003670552672
